SN:3K430000005894 BD:Feb 22 2019 VC:6c0e877 MD5:fe950200890c20b9a008e6312c98ea70
SysTime,                      Time,      [CH4]_ppm,   [CH4]_ppm_sd,      [CO2]_ppm,   [CO2]_ppm_sd,      [H2O]_ppm,   [H2O]_ppm_sd,     [CH4]d_ppm,  [CH4]d_ppm_sd,     [CO2]d_ppm,  [CO2]d_ppm_sd,      GasP_torr,   GasP_torr_sd,         GasT_C,      GasT_C_sd,         AmbT_C,      AmbT_C_sd,         RD0_us,      RD0_us_sd,         RD1_us,      RD1_us_sd,         LTC0_v,      LTC0_v_sd,         LTC1_v,      LTC1_v_sd,         Batt_v,      Batt_v_sd,   BATT_PERCENT,BATT_PERCENT_sd, Temp_Status_mA,Analyzer_Status_mA,       Fit_Flag,      MIU_VALVE,       MIU_DESC
07/10/2022 15:50:51.653, 07/10/2022 15:50:51.573, 1.90559e+0, 0.00000e+0, 3.58405e+2, 0.00000e+0, 8.51109e+3, 0.00000e+0, 9.60976e-1, 0.00000e+0, 1.80741e+2, 0.00000e+0, 4.95711e+2, 0.00000e+0, 2.10340e+1, 0.00000e+0, 2.18128e+1, 0.00000e+0, 3.99730e+0, 0.00000e+0, 3.35982e+0, 0.00000e+0, 1.66464e+0, 0.00000e+0, -5.53453e+0, 0.00000e+0, 4.23445e+0, 0.00000e+0, -2.26685e+2, 0.00000e+0, 2.00000e+1, 2.00000e+1, 2, -1, Disabled
07/10/2022 15:50:56.711, 07/10/2022 15:50:56.653, 1.92546e+0, 0.00000e+0, 4.13194e+2, 0.00000e+0, 1.10031e+4, 0.00000e+0, 1.94689e+0, 0.00000e+0, 4.17791e+2, 0.00000e+0, 4.95650e+2, 0.00000e+0, 2.10450e+1, 0.00000e+0, 2.19033e+1, 0.00000e+0, 3.99716e+0, 0.00000e+0, 3.36103e+0, 0.00000e+0, 1.66369e+0, 0.00000e+0, -5.53416e+0, 0.00000e+0, 4.23608e+0, 0.00000e+0, 1.20669e+2, 0.00000e+0, 2.00000e+1, 2.00000e+1, 2, -1, Disabled
07/10/2022 15:51:01.787, 07/10/2022 15:51:01.732, 1.92630e+0, 0.00000e+0, 4.12740e+2, 0.00000e+0, 1.11631e+4, 0.00000e+0, 1.94805e+0, 0.00000e+0, 4.17400e+2, 0.00000e+0, 4.95877e+2, 0.00000e+0, 2.10527e+1, 0.00000e+0, 2.19637e+1, 0.00000e+0, 3.99754e+0, 0.00000e+0, 3.36083e+0, 0.00000e+0, 1.66316e+0, 0.00000e+0, -5.53460e+0, 0.00000e+0, 4.23718e+0, 0.00000e+0, 1.20849e+2, 0.00000e+0, 2.00000e+1, 2.00000e+1, 2, -1, Disabled
07/10/2022 15:51:06.946, 07/10/2022 15:51:06.812, 1.92793e+0, 0.00000e+0, 4.12602e+2, 0.00000e+0, 1.12984e+4, 0.00000e+0, 1.94996e+0, 0.00000e+0, 4.17317e+2, 0.00000e+0, 4.95671e+2, 0.00000e+0, 2.10589e+1, 0.00000e+0, 2.20265e+1, 0.00000e+0, 3.99743e+0, 0.00000e+0, 3.36080e+0, 0.00000e+0, 1.66266e+0, 0.00000e+0, -5.53510e+0, 0.00000e+0, 4.23763e+0, 0.00000e+0, 1.20924e+2, 0.00000e+0, 2.00000e+1, 2.00000e+1, 3, -1, Disabled
07/10/2022 15:51:11.975, 07/10/2022 15:51:11.892, 1.92799e+0, 0.00000e+0, 4.12899e+2, 0.00000e+0, 1.14252e+4, 0.00000e+0, 1.95028e+0, 0.00000e+0, 4.17671e+2, 0.00000e+0, 4.95703e+2, 0.00000e+0, 2.10638e+1, 0.00000e+0, 2.20892e+1, 0.00000e+0, 3.99729e+0, 0.00000e+0, 3.36081e+0, 0.00000e+0, 1.66218e+0, 0.00000e+0, -5.53558e+0, 0.00000e+0, 4.23821e+0, 0.00000e+0, 1.21017e+2, 0.00000e+0, 2.00000e+1, 2.00000e+1, 3, -1, Disabled
07/10/2022 15:51:17.060, 07/10/2022 15:51:16.972, 1.92831e+0, 0.00000e+0, 4.13091e+2, 0.00000e+0, 1.15796e+4, 0.00000e+0, 1.95090e+0, 0.00000e+0, 4.17930e+2, 0.00000e+0, 4.95762e+2, 0.00000e+0, 2.10636e+1, 0.00000e+0, 2.21522e+1, 0.00000e+0, 3.99727e+0, 0.00000e+0, 3.36068e+0, 0.00000e+0, 1.66174e+0, 0.00000e+0, -5.53605e+0, 0.00000e+0, 4.23878e+0, 0.00000e+0, 1.21112e+2, 0.00000e+0, 2.00000e+1, 2.00000e+1, 3, -1, Disabled
07/10/2022 15:51:22.123, 07/10/2022 15:51:22.050, 1.92891e+0, 0.00000e+0, 4.12841e+2, 0.00000e+0, 1.16462e+4, 0.00000e+0, 1.95164e+0, 0.00000e+0, 4.17705e+2, 0.00000e+0, 4.95789e+2, 0.00000e+0, 2.10680e+1, 0.00000e+0, 2.22130e+1, 0.00000e+0, 3.99738e+0, 0.00000e+0, 3.36073e+0, 0.00000e+0, 1.66132e+0, 0.00000e+0, -5.53647e+0, 0.00000e+0, 4.23925e+0, 0.00000e+0, 1.21188e+2, 0.00000e+0, 2.00000e+1, 2.00000e+1, 3, -1, Disabled
07/10/2022 15:51:27.189, 07/10/2022 15:51:27.130, 1.92879e+0, 0.00000e+0, 4.13079e+2, 0.00000e+0, 1.18050e+4, 0.00000e+0, 1.95183e+0, 0.00000e+0, 4.18014e+2, 0.00000e+0, 4.95739e+2, 0.00000e+0, 2.10691e+1, 0.00000e+0, 2.22790e+1, 0.00000e+0, 3.99698e+0, 0.00000e+0, 3.36078e+0, 0.00000e+0, 1.66093e+0, 0.00000e+0, -5.53687e+0, 0.00000e+0, 4.23981e+0, 0.00000e+0, 1.21280e+2, 0.00000e+0, 2.00000e+1, 2.00000e+1, 3, -1, Disabled
07/10/2022 15:51:32.293, 07/10/2022 15:51:32.210, 1.92929e+0, 0.00000e+0, 4.13351e+2, 0.00000e+0, 1.18672e+4, 0.00000e+0, 1.95246e+0, 0.00000e+0, 4.18315e+2, 0.00000e+0, 4.95892e+2, 0.00000e+0, 2.10729e+1, 0.00000e+0, 2.23418e+1, 0.00000e+0, 3.99706e+0, 0.00000e+0, 3.36073e+0, 0.00000e+0, 1.66055e+0, 0.00000e+0, -5.53722e+0, 0.00000e+0, 4.23992e+0, 0.00000e+0, 1.21299e+2, 0.00000e+0, 2.00000e+1, 2.00000e+1, 3, -1, Disabled
07/10/2022 15:51:37.380, 07/10/2022 15:51:37.289, 1.92954e+0, 0.00000e+0, 4.13727e+2, 0.00000e+0, 1.19645e+4, 0.00000e+0, 1.95291e+0, 0.00000e+0, 4.18737e+2, 0.00000e+0, 4.95900e+2, 0.00000e+0, 2.10740e+1, 0.00000e+0, 2.24041e+1, 0.00000e+0, 3.99656e+0, 0.00000e+0, 3.36054e+0, 0.00000e+0, 1.66019e+0, 0.00000e+0, -5.53754e+0, 0.00000e+0, 4.24066e+0, 0.00000e+0, 1.21420e+2, 0.00000e+0, 2.00000e+1, 2.00000e+1, 3, -1, Disabled
07/10/2022 15:51:42.439, 07/10/2022 15:51:42.369, 1.93025e+0, 0.00000e+0, 4.13470e+2, 0.00000e+0, 1.21021e+4, 0.00000e+0, 1.95390e+0, 0.00000e+0, 4.18535e+2, 0.00000e+0, 4.95765e+2, 0.00000e+0, 2.10729e+1, 0.00000e+0, 2.24691e+1, 0.00000e+0, 3.99675e+0, 0.00000e+0, 3.36093e+0, 0.00000e+0, 1.65987e+0, 0.00000e+0, -5.53784e+0, 0.00000e+0, 4.24079e+0, 0.00000e+0, 1.21441e+2, 0.00000e+0, 2.00000e+1, 2.00000e+1, 3, -1, Disabled
07/10/2022 15:51:47.522, 07/10/2022 15:51:47.448, 1.93063e+0, 0.00000e+0, 4.13465e+2, 0.00000e+0, 1.21702e+4, 0.00000e+0, 1.95441e+0, 0.00000e+0, 4.18559e+2, 0.00000e+0, 4.95901e+2, 0.00000e+0, 2.10764e+1, 0.00000e+0, 2.25333e+1, 0.00000e+0, 3.99685e+0, 0.00000e+0, 3.36084e+0, 0.00000e+0, 1.65957e+0, 0.00000e+0, -5.53812e+0, 0.00000e+0, 4.24157e+0, 0.00000e+0, 1.21568e+2, 0.00000e+0, 2.00000e+1, 2.00000e+1, 3, -1, Disabled
07/10/2022 15:51:52.600, 07/10/2022 15:51:52.527, 1.93076e+0, 0.00000e+0, 4.13095e+2, 0.00000e+0, 1.21851e+4, 0.00000e+0, 1.95458e+0, 0.00000e+0, 4.18191e+2, 0.00000e+0, 4.95850e+2, 0.00000e+0, 2.10854e+1, 0.00000e+0, 2.25956e+1, 0.00000e+0, 3.99660e+0, 0.00000e+0, 3.36108e+0, 0.00000e+0, 1.65929e+0, 0.00000e+0, -5.53837e+0, 0.00000e+0, 4.24174e+0, 0.00000e+0, 1.21596e+2, 0.00000e+0, 2.00000e+1, 2.00000e+1, 3, -1, Disabled
07/10/2022 15:51:57.668, 07/10/2022 15:51:57.606, 1.93059e+0, 0.00000e+0, 4.13782e+2, 0.00000e+0, 1.23359e+4, 0.00000e+0, 1.95470e+0, 0.00000e+0, 4.18951e+2, 0.00000e+0, 4.95819e+2, 0.00000e+0, 2.10967e+1, 0.00000e+0, 2.26597e+1, 0.00000e+0, 3.99698e+0, 0.00000e+0, 3.36132e+0, 0.00000e+0, 1.65902e+0, 0.00000e+0, -5.53860e+0, 0.00000e+0, 4.24225e+0, 0.00000e+0, 1.21680e+2, 0.00000e+0, 2.00000e+1, 2.00000e+1, 3, -1, Disabled
07/10/2022 15:52:02.776, 07/10/2022 15:52:02.686, 1.93110e+0, 0.00000e+0, 4.14168e+2, 0.00000e+0, 1.23395e+4, 0.00000e+0, 1.95522e+0, 0.00000e+0, 4.19342e+2, 0.00000e+0, 4.95856e+2, 0.00000e+0, 2.11029e+1, 0.00000e+0, 2.27244e+1, 0.00000e+0, 3.99716e+0, 0.00000e+0, 3.36102e+0, 0.00000e+0, 1.65878e+0, 0.00000e+0, -5.53880e+0, 0.00000e+0, 4.24261e+0, 0.00000e+0, 1.21739e+2, 0.00000e+0, 2.00000e+1, 2.00000e+1, 3, -1, Disabled
07/10/2022 15:52:07.822, 07/10/2022 15:52:07.765, 1.93091e+0, 0.00000e+0, 4.14185e+2, 0.00000e+0, 1.23973e+4, 0.00000e+0, 1.95515e+0, 0.00000e+0, 4.19385e+2, 0.00000e+0, 4.95936e+2, 0.00000e+0, 2.11136e+1, 0.00000e+0, 2.27880e+1, 0.00000e+0, 3.99663e+0, 0.00000e+0, 3.36088e+0, 0.00000e+0, 1.65856e+0, 0.00000e+0, -5.53898e+0, 0.00000e+0, 4.24282e+0, 0.00000e+0, 1.21774e+2, 0.00000e+0, 2.00000e+1, 2.00000e+1, 3, -1, Disabled
07/10/2022 15:52:12.926, 07/10/2022 15:52:12.852, 1.93152e+0, 0.00000e+0, 4.14134e+2, 0.00000e+0, 1.24456e+4, 0.00000e+0, 1.95586e+0, 0.00000e+0, 4.19353e+2, 0.00000e+0, 4.95903e+2, 0.00000e+0, 2.11260e+1, 0.00000e+0, 2.28533e+1, 0.00000e+0, 3.99704e+0, 0.00000e+0, 3.36078e+0, 0.00000e+0, 1.65835e+0, 0.00000e+0, -5.53916e+0, 0.00000e+0, 4.24359e+0, 0.00000e+0, 1.21900e+2, 0.00000e+0, 2.00000e+1, 2.00000e+1, 3, -1, Disabled
07/10/2022 15:52:18.027, 07/10/2022 15:52:17.931, 1.93182e+0, 0.00000e+0, 4.14500e+2, 0.00000e+0, 1.24714e+4, 0.00000e+0, 1.95622e+0, 0.00000e+0, 4.19735e+2, 0.00000e+0, 4.95915e+2, 0.00000e+0, 2.11381e+1, 0.00000e+0, 2.29193e+1, 0.00000e+0, 3.99666e+0, 0.00000e+0, 3.36075e+0, 0.00000e+0, 1.65815e+0, 0.00000e+0, -5.53931e+0, 0.00000e+0, 4.24368e+0, 0.00000e+0, 1.21914e+2, 0.00000e+0, 2.00000e+1, 2.00000e+1, 3, -1, Disabled
07/10/2022 15:52:23.085, 07/10/2022 15:52:23.010, 1.93224e+0, 0.00000e+0, 4.14558e+2, 0.00000e+0, 1.24987e+4, 0.00000e+0, 1.95670e+0, 0.00000e+0, 4.19805e+2, 0.00000e+0, 4.96046e+2, 0.00000e+0, 2.11509e+1, 0.00000e+0, 2.29811e+1, 0.00000e+0, 3.99643e+0, 0.00000e+0, 3.36096e+0, 0.00000e+0, 1.65797e+0, 0.00000e+0, -5.53943e+0, 0.00000e+0, 4.24423e+0, 0.00000e+0, 1.22006e+2, 0.00000e+0, 2.00000e+1, 2.00000e+1, 3, -1, Disabled
07/10/2022 15:52:28.149, 07/10/2022 15:52:28.090, 1.93187e+0, 0.00000e+0, 4.14467e+2, 0.00000e+0, 1.25240e+4, 0.00000e+0, 1.95637e+0, 0.00000e+0, 4.19723e+2, 0.00000e+0, 4.95967e+2, 0.00000e+0, 2.11689e+1, 0.00000e+0, 2.30401e+1, 0.00000e+0, 3.99680e+0, 0.00000e+0, 3.36063e+0, 0.00000e+0, 1.65781e+0, 0.00000e+0, -5.53955e+0, 0.00000e+0, 4.24433e+0, 0.00000e+0, 1.22021e+2, 0.00000e+0, 2.00000e+1, 2.00000e+1, 3, -1, Disabled
07/10/2022 15:52:33.226, 07/10/2022 15:52:33.170, 1.93183e+0, 0.00000e+0, 4.14434e+2, 0.00000e+0, 1.25175e+4, 0.00000e+0, 1.95632e+0, 0.00000e+0, 4.19687e+2, 0.00000e+0, 4.95933e+2, 0.00000e+0, 2.11788e+1, 0.00000e+0, 2.31025e+1, 0.00000e+0, 3.99741e+0, 0.00000e+0, 3.36053e+0, 0.00000e+0, 1.65765e+0, 0.00000e+0, -5.53967e+0, 0.00000e+0, 4.24482e+0, 0.00000e+0, 1.22102e+2, 0.00000e+0, 2.00000e+1, 2.00000e+1, 3, -1, Disabled
07/10/2022 15:52:38.309, 07/10/2022 15:52:38.249, 1.93217e+0, 0.00000e+0, 4.13728e+2, 0.00000e+0, 1.24882e+4, 0.00000e+0, 1.95660e+0, 0.00000e+0, 4.18960e+2, 0.00000e+0, 4.95946e+2, 0.00000e+0, 2.11927e+1, 0.00000e+0, 2.31637e+1, 0.00000e+0, 3.99711e+0, 0.00000e+0, 3.36121e+0, 0.00000e+0, 1.65752e+0, 0.00000e+0, -5.53976e+0, 0.00000e+0, 4.24488e+0, 0.00000e+0, 1.22111e+2, 0.00000e+0, 2.00000e+1, 2.00000e+1, 3, -1, Disabled
07/10/2022 15:52:43.400, 07/10/2022 15:52:43.329, 1.93280e+0, 0.00000e+0, 4.13187e+2, 0.00000e+0, 1.23751e+4, 0.00000e+0, 1.95702e+0, 0.00000e+0, 4.18364e+2, 0.00000e+0, 4.96069e+2, 0.00000e+0, 2.12072e+1, 0.00000e+0, 2.32255e+1, 0.00000e+0, 3.99670e+0, 0.00000e+0, 3.36139e+0, 0.00000e+0, 1.65739e+0, 0.00000e+0, -5.53984e+0, 0.00000e+0, 4.24545e+0, 0.00000e+0, 1.22204e+2, 0.00000e+0, 2.00000e+1, 2.00000e+1, 3, -1, Disabled
07/10/2022 15:52:48.468, 07/10/2022 15:52:48.408, 1.93291e+0, 0.00000e+0, 4.13160e+2, 0.00000e+0, 1.23697e+4, 0.00000e+0, 1.95712e+0, 0.00000e+0, 4.18334e+2, 0.00000e+0, 4.96035e+2, 0.00000e+0, 2.12127e+1, 0.00000e+0, 2.32843e+1, 0.00000e+0, 3.99676e+0, 0.00000e+0, 3.36109e+0, 0.00000e+0, 1.65727e+0, 0.00000e+0, -5.53991e+0, 0.00000e+0, 4.24563e+0, 0.00000e+0, 1.22235e+2, 0.00000e+0, 2.00000e+1, 2.00000e+1, 3, -1, Disabled
07/10/2022 15:52:53.561, 07/10/2022 15:52:53.488, 1.93345e+0, 0.00000e+0, 4.13456e+2, 0.00000e+0, 1.23913e+4, 0.00000e+0, 1.95771e+0, 0.00000e+0, 4.18643e+2, 0.00000e+0, 4.95887e+2, 0.00000e+0, 2.12220e+1, 0.00000e+0, 2.33468e+1, 0.00000e+0, 3.99684e+0, 0.00000e+0, 3.36104e+0, 0.00000e+0, 1.65716e+0, 0.00000e+0, -5.53997e+0, 0.00000e+0, 4.24585e+0, 0.00000e+0, 1.22270e+2, 0.00000e+0, 2.00000e+1, 2.00000e+1, 3, -1, Disabled
07/10/2022 15:52:58.629, 07/10/2022 15:52:58.567, 1.93308e+0, 0.00000e+0, 4.12773e+2, 0.00000e+0, 1.23773e+4, 0.00000e+0, 1.95730e+0, 0.00000e+0, 4.17946e+2, 0.00000e+0, 4.96025e+2, 0.00000e+0, 2.12311e+1, 0.00000e+0, 2.34076e+1, 0.00000e+0, 3.99664e+0, 0.00000e+0, 3.36107e+0, 0.00000e+0, 1.65706e+0, 0.00000e+0, -5.54002e+0, 0.00000e+0, 4.24635e+0, 0.00000e+0, 1.22353e+2, 0.00000e+0, 2.00000e+1, 2.00000e+1, 3, -1, Disabled
07/10/2022 15:53:03.705, 07/10/2022 15:53:03.646, 1.93290e+0, 0.00000e+0, 4.12616e+2, 0.00000e+0, 1.24092e+4, 0.00000e+0, 1.95719e+0, 0.00000e+0, 4.17801e+2, 0.00000e+0, 4.96031e+2, 0.00000e+0, 2.12425e+1, 0.00000e+0, 2.34671e+1, 0.00000e+0, 3.99714e+0, 0.00000e+0, 3.36099e+0, 0.00000e+0, 1.65697e+0, 0.00000e+0, -5.54008e+0, 0.00000e+0, 4.24651e+0, 0.00000e+0, 1.22379e+2, 0.00000e+0, 2.00000e+1, 2.00000e+1, 3, -1, Disabled
07/10/2022 15:53:08.794, 07/10/2022 15:53:08.726, 1.93344e+0, 0.00000e+0, 4.12114e+2, 0.00000e+0, 1.23123e+4, 0.00000e+0, 1.95754e+0, 0.00000e+0, 4.17251e+2, 0.00000e+0, 4.96014e+2, 0.00000e+0, 2.12505e+1, 0.00000e+0, 2.35270e+1, 0.00000e+0, 3.99659e+0, 0.00000e+0, 3.36090e+0, 0.00000e+0, 1.65689e+0, 0.00000e+0, -5.54013e+0, 0.00000e+0, 4.24705e+0, 0.00000e+0, 1.22468e+2, 0.00000e+0, 2.00000e+1, 2.00000e+1, 3, -1, Disabled
07/10/2022 15:53:13.865, 07/10/2022 15:53:13.806, 1.93363e+0, 0.00000e+0, 4.12023e+2, 0.00000e+0, 1.22863e+4, 0.00000e+0, 1.95768e+0, 0.00000e+0, 4.17148e+2, 0.00000e+0, 4.95961e+2, 0.00000e+0, 2.12647e+1, 0.00000e+0, 2.35883e+1, 0.00000e+0, 3.99674e+0, 0.00000e+0, 3.36085e+0, 0.00000e+0, 1.65682e+0, 0.00000e+0, -5.54015e+0, 0.00000e+0, 4.24718e+0, 0.00000e+0, 1.22488e+2, 0.00000e+0, 2.00000e+1, 2.00000e+1, 3, -1, Disabled
07/10/2022 15:53:18.945, 07/10/2022 15:53:18.885, 1.93328e+0, 0.00000e+0, 4.12546e+2, 0.00000e+0, 1.24008e+4, 0.00000e+0, 1.95755e+0, 0.00000e+0, 4.17726e+2, 0.00000e+0, 4.96151e+2, 0.00000e+0, 2.12754e+1, 0.00000e+0, 2.36461e+1, 0.00000e+0, 3.99694e+0, 0.00000e+0, 3.36122e+0, 0.00000e+0, 1.65676e+0, 0.00000e+0, -5.54018e+0, 0.00000e+0, 4.24769e+0, 0.00000e+0, 1.22572e+2, 0.00000e+0, 2.00000e+1, 2.00000e+1, 3, -1, Disabled
07/10/2022 15:53:24.024, 07/10/2022 15:53:23.964, 1.93237e+0, 0.00000e+0, 4.13271e+2, 0.00000e+0, 1.24886e+4, 0.00000e+0, 1.95681e+0, 0.00000e+0, 4.18497e+2, 0.00000e+0, 4.96064e+2, 0.00000e+0, 2.12854e+1, 0.00000e+0, 2.37054e+1, 0.00000e+0, 3.99682e+0, 0.00000e+0, 3.36106e+0, 0.00000e+0, 1.65670e+0, 0.00000e+0, -5.54020e+0, 0.00000e+0, 4.24773e+0, 0.00000e+0, 1.22579e+2, 0.00000e+0, 2.00000e+1, 2.00000e+1, 3, -1, Disabled
07/10/2022 15:53:29.100, 07/10/2022 15:53:29.043, 1.93233e+0, 0.00000e+0, 4.13446e+2, 0.00000e+0, 1.25839e+4, 0.00000e+0, 1.95695e+0, 0.00000e+0, 4.18715e+2, 0.00000e+0, 4.95848e+2, 0.00000e+0, 2.12905e+1, 0.00000e+0, 2.37622e+1, 0.00000e+0, 3.99631e+0, 0.00000e+0, 3.36087e+0, 0.00000e+0, 1.65665e+0, 0.00000e+0, -5.54022e+0, 0.00000e+0, 4.24696e+0, 0.00000e+0, 1.22452e+2, 0.00000e+0, 2.00000e+1, 2.00000e+1, 3, -1, Disabled
07/10/2022 15:53:34.180, 07/10/2022 15:53:34.123, 1.93214e+0, 0.00000e+0, 4.13145e+2, 0.00000e+0, 1.26328e+4, 0.00000e+0, 1.95687e+0, 0.00000e+0, 4.18431e+2, 0.00000e+0, 4.96141e+2, 0.00000e+0, 2.13035e+1, 0.00000e+0, 2.38268e+1, 0.00000e+0, 3.99690e+0, 0.00000e+0, 3.36105e+0, 0.00000e+0, 1.65662e+0, 0.00000e+0, -5.54022e+0, 0.00000e+0, 4.24806e+0, 0.00000e+0, 1.22632e+2, 0.00000e+0, 2.00000e+1, 2.00000e+1, 3, -1, Disabled
07/10/2022 15:53:39.254, 07/10/2022 15:53:39.202, 1.93274e+0, 0.00000e+0, 4.12438e+2, 0.00000e+0, 1.24194e+4, 0.00000e+0, 1.95705e+0, 0.00000e+0, 4.17625e+2, 0.00000e+0, 4.96058e+2, 0.00000e+0, 2.13121e+1, 0.00000e+0, 2.38847e+1, 0.00000e+0, 3.99707e+0, 0.00000e+0, 3.36123e+0, 0.00000e+0, 1.65657e+0, 0.00000e+0, -5.54023e+0, 0.00000e+0, 4.24825e+0, 0.00000e+0, 1.22665e+2, 0.00000e+0, 2.00000e+1, 2.00000e+1, 3, -1, Disabled
07/10/2022 15:53:44.338, 07/10/2022 15:53:44.282, 1.93331e+0, 0.00000e+0, 4.12516e+2, 0.00000e+0, 1.23737e+4, 0.00000e+0, 1.95753e+0, 0.00000e+0, 4.17684e+2, 0.00000e+0, 4.95752e+2, 0.00000e+0, 2.13249e+1, 0.00000e+0, 2.39360e+1, 0.00000e+0, 3.99649e+0, 0.00000e+0, 3.36093e+0, 0.00000e+0, 1.65655e+0, 0.00000e+0, -5.54023e+0, 0.00000e+0, 4.24630e+0, 0.00000e+0, 1.22344e+2, 0.00000e+0, 2.00000e+1, 2.00000e+1, 3, -1, Disabled
07/10/2022 15:53:49.416, 07/10/2022 15:53:49.362, 1.93252e+0, 0.00000e+0, 4.12540e+2, 0.00000e+0, 1.24419e+4, 0.00000e+0, 1.95687e+0, 0.00000e+0, 4.17737e+2, 0.00000e+0, 4.96221e+2, 0.00000e+0, 2.13332e+1, 0.00000e+0, 2.40014e+1, 0.00000e+0, 3.99646e+0, 0.00000e+0, 3.36114e+0, 0.00000e+0, 1.65655e+0, 0.00000e+0, -5.54020e+0, 0.00000e+0, 4.24878e+0, 0.00000e+0, 1.22750e+2, 0.00000e+0, 2.00000e+1, 2.00000e+1, 3, -1, Disabled
07/10/2022 15:53:54.502, 07/10/2022 15:53:54.440, 1.93251e+0, 0.00000e+0, 4.12836e+2, 0.00000e+0, 1.25342e+4, 0.00000e+0, 1.95704e+0, 0.00000e+0, 4.18076e+2, 0.00000e+0, 4.96359e+2, 0.00000e+0, 2.13445e+1, 0.00000e+0, 2.40624e+1, 0.00000e+0, 3.99593e+0, 0.00000e+0, 3.36078e+0, 0.00000e+0, 1.65654e+0, 0.00000e+0, -5.54020e+0, 0.00000e+0, 4.24932e+0, 0.00000e+0, 1.22839e+2, 0.00000e+0, 2.00000e+1, 2.00000e+1, 3, -1, Disabled
07/10/2022 15:53:59.576, 07/10/2022 15:53:59.520, 1.93251e+0, 0.00000e+0, 4.12501e+2, 0.00000e+0, 1.24845e+4, 0.00000e+0, 1.95695e+0, 0.00000e+0, 4.17716e+2, 0.00000e+0, 4.96152e+2, 0.00000e+0, 2.13506e+1, 0.00000e+0, 2.41211e+1, 0.00000e+0, 3.99694e+0, 0.00000e+0, 3.36083e+0, 0.00000e+0, 1.65653e+0, 0.00000e+0, -5.54020e+0, 0.00000e+0, 4.24922e+0, 0.00000e+0, 1.22823e+2, 0.00000e+0, 2.00000e+1, 2.00000e+1, 3, -1, Disabled
07/10/2022 15:54:04.653, 07/10/2022 15:54:04.600, 1.93170e+0, 0.00000e+0, 4.12357e+2, 0.00000e+0, 1.26004e+4, 0.00000e+0, 1.95635e+0, 0.00000e+0, 4.17619e+2, 0.00000e+0, 4.96272e+2, 0.00000e+0, 2.13591e+1, 0.00000e+0, 2.41780e+1, 0.00000e+0, 3.99642e+0, 0.00000e+0, 3.36062e+0, 0.00000e+0, 1.65652e+0, 0.00000e+0, -5.54020e+0, 0.00000e+0, 4.24958e+0, 0.00000e+0, 1.22882e+2, 0.00000e+0, 2.00000e+1, 2.00000e+1, 3, -1, Disabled
07/10/2022 15:54:09.753, 07/10/2022 15:54:09.679, 1.93193e+0, 0.00000e+0, 4.11624e+2, 0.00000e+0, 1.24753e+4, 0.00000e+0, 1.95633e+0, 0.00000e+0, 4.16824e+2, 0.00000e+0, 4.96307e+2, 0.00000e+0, 2.13605e+1, 0.00000e+0, 2.42324e+1, 0.00000e+0, 3.99657e+0, 0.00000e+0, 3.36100e+0, 0.00000e+0, 1.65652e+0, 0.00000e+0, -5.54020e+0, 0.00000e+0, 4.24960e+0, 0.00000e+0, 1.22885e+2, 0.00000e+0, 2.00000e+1, 2.00000e+1, 3, -1, Disabled
07/10/2022 15:54:14.817, 07/10/2022 15:54:14.758, 1.93264e+0, 0.00000e+0, 4.11614e+2, 0.00000e+0, 1.23833e+4, 0.00000e+0, 1.95687e+0, 0.00000e+0, 4.16775e+2, 0.00000e+0, 4.96231e+2, 0.00000e+0, 2.13676e+1, 0.00000e+0, 2.42900e+1, 0.00000e+0, 3.99633e+0, 0.00000e+0, 3.36077e+0, 0.00000e+0, 1.65652e+0, 0.00000e+0, -5.54020e+0, 0.00000e+0, 4.24996e+0, 0.00000e+0, 1.22945e+2, 0.00000e+0, 2.00000e+1, 2.00000e+1, 3, -1, Disabled
07/10/2022 15:54:19.893, 07/10/2022 15:54:19.838, 1.93248e+0, 0.00000e+0, 4.12072e+2, 0.00000e+0, 1.23519e+4, 0.00000e+0, 1.95665e+0, 0.00000e+0, 4.17226e+2, 0.00000e+0, 4.96083e+2, 0.00000e+0, 2.13729e+1, 0.00000e+0, 2.43487e+1, 0.00000e+0, 3.99593e+0, 0.00000e+0, 3.36059e+0, 0.00000e+0, 1.65652e+0, 0.00000e+0, -5.54019e+0, 0.00000e+0, 4.24990e+0, 0.00000e+0, 1.22934e+2, 0.00000e+0, 2.00000e+1, 2.00000e+1, 3, -1, Disabled
07/10/2022 15:54:24.981, 07/10/2022 15:54:24.917, 1.93179e+0, 0.00000e+0, 4.12126e+2, 0.00000e+0, 1.23621e+4, 0.00000e+0, 1.95597e+0, 0.00000e+0, 4.17285e+2, 0.00000e+0, 4.96245e+2, 0.00000e+0, 2.13854e+1, 0.00000e+0, 2.44104e+1, 0.00000e+0, 3.99604e+0, 0.00000e+0, 3.36071e+0, 0.00000e+0, 1.65652e+0, 0.00000e+0, -5.54018e+0, 0.00000e+0, 4.25031e+0, 0.00000e+0, 1.23001e+2, 0.00000e+0, 2.00000e+1, 2.00000e+1, 3, -1, Disabled
07/10/2022 15:54:30.051, 07/10/2022 15:54:29.997, 1.93188e+0, 0.00000e+0, 4.11784e+2, 0.00000e+0, 1.23272e+4, 0.00000e+0, 1.95600e+0, 0.00000e+0, 4.16923e+2, 0.00000e+0, 4.96269e+2, 0.00000e+0, 2.14056e+1, 0.00000e+0, 2.44697e+1, 0.00000e+0, 3.99629e+0, 0.00000e+0, 3.36071e+0, 0.00000e+0, 1.65652e+0, 0.00000e+0, -5.54017e+0, 0.00000e+0, 4.25033e+0, 0.00000e+0, 1.23004e+2, 0.00000e+0, 2.00000e+1, 2.00000e+1, 3, -1, Disabled
07/10/2022 15:54:35.133, 07/10/2022 15:54:35.077, 1.93156e+0, 0.00000e+0, 4.11981e+2, 0.00000e+0, 1.23123e+4, 0.00000e+0, 1.95564e+0, 0.00000e+0, 4.17117e+2, 0.00000e+0, 4.96245e+2, 0.00000e+0, 2.14133e+1, 0.00000e+0, 2.45222e+1, 0.00000e+0, 3.99638e+0, 0.00000e+0, 3.36067e+0, 0.00000e+0, 1.65653e+0, 0.00000e+0, -5.54015e+0, 0.00000e+0, 4.25048e+0, 0.00000e+0, 1.23029e+2, 0.00000e+0, 2.00000e+1, 2.00000e+1, 3, -1, Disabled
07/10/2022 15:54:40.214, 07/10/2022 15:54:40.156, 1.93168e+0, 0.00000e+0, 4.12363e+2, 0.00000e+0, 1.24109e+4, 0.00000e+0, 1.95596e+0, 0.00000e+0, 4.17545e+2, 0.00000e+0, 4.96236e+2, 0.00000e+0, 2.14241e+1, 0.00000e+0, 2.45754e+1, 0.00000e+0, 3.99581e+0, 0.00000e+0, 3.36075e+0, 0.00000e+0, 1.65654e+0, 0.00000e+0, -5.54014e+0, 0.00000e+0, 4.25090e+0, 0.00000e+0, 1.23098e+2, 0.00000e+0, 2.00000e+1, 2.00000e+1, 3, -1, Disabled
07/10/2022 15:54:45.298, 07/10/2022 15:54:45.235, 1.93110e+0, 0.00000e+0, 4.12516e+2, 0.00000e+0, 1.24753e+4, 0.00000e+0, 1.95549e+0, 0.00000e+0, 4.17727e+2, 0.00000e+0, 4.96319e+2, 0.00000e+0, 2.14413e+1, 0.00000e+0, 2.46284e+1, 0.00000e+0, 3.99617e+0, 0.00000e+0, 3.36053e+0, 0.00000e+0, 1.65656e+0, 0.00000e+0, -5.54012e+0, 0.00000e+0, 4.25082e+0, 0.00000e+0, 1.23085e+2, 0.00000e+0, 2.00000e+1, 2.00000e+1, 3, -1, Disabled
07/10/2022 15:54:50.374, 07/10/2022 15:54:50.315, 1.93112e+0, 0.00000e+0, 4.12460e+2, 0.00000e+0, 1.25338e+4, 0.00000e+0, 1.95563e+0, 0.00000e+0, 4.17696e+2, 0.00000e+0, 4.96348e+2, 0.00000e+0, 2.14569e+1, 0.00000e+0, 2.46860e+1, 0.00000e+0, 3.99597e+0, 0.00000e+0, 3.36094e+0, 0.00000e+0, 1.65658e+0, 0.00000e+0, -5.54010e+0, 0.00000e+0, 4.25125e+0, 0.00000e+0, 1.23156e+2, 0.00000e+0, 2.00000e+1, 2.00000e+1, 3, -1, Disabled
07/10/2022 15:54:55.450, 07/10/2022 15:54:55.394, 1.93030e+0, 0.00000e+0, 4.12396e+2, 0.00000e+0, 1.25116e+4, 0.00000e+0, 1.95476e+0, 0.00000e+0, 4.17621e+2, 0.00000e+0, 4.96373e+2, 0.00000e+0, 2.14743e+1, 0.00000e+0, 2.47392e+1, 0.00000e+0, 3.99674e+0, 0.00000e+0, 3.36083e+0, 0.00000e+0, 1.65660e+0, 0.00000e+0, -5.54008e+0, 0.00000e+0, 4.25123e+0, 0.00000e+0, 1.23153e+2, 0.00000e+0, 2.00000e+1, 2.00000e+1, 3, -1, Disabled
07/10/2022 15:55:00.529, 07/10/2022 15:55:00.474, 1.93048e+0, 0.00000e+0, 4.12464e+2, 0.00000e+0, 1.24968e+4, 0.00000e+0, 1.95491e+0, 0.00000e+0, 4.17684e+2, 0.00000e+0, 4.96347e+2, 0.00000e+0, 2.14962e+1, 0.00000e+0, 2.47898e+1, 0.00000e+0, 3.99636e+0, 0.00000e+0, 3.36108e+0, 0.00000e+0, 1.65663e+0, 0.00000e+0, -5.54005e+0, 0.00000e+0, 4.25167e+0, 0.00000e+0, 1.23225e+2, 0.00000e+0, 2.00000e+1, 2.00000e+1, 3, -1, Disabled
07/10/2022 15:55:05.612, 07/10/2022 15:55:05.554, 1.93086e+0, 0.00000e+0, 4.12502e+2, 0.00000e+0, 1.25713e+4, 0.00000e+0, 1.95545e+0, 0.00000e+0, 4.17754e+2, 0.00000e+0, 4.96259e+2, 0.00000e+0, 2.15186e+1, 0.00000e+0, 2.48399e+1, 0.00000e+0, 3.99651e+0, 0.00000e+0, 3.36080e+0, 0.00000e+0, 1.65666e+0, 0.00000e+0, -5.54003e+0, 0.00000e+0, 4.25152e+0, 0.00000e+0, 1.23199e+2, 0.00000e+0, 2.00000e+1, 2.00000e+1, 3, -1, Disabled
07/10/2022 15:55:10.690, 07/10/2022 15:55:10.633, 1.93065e+0, 0.00000e+0, 4.12449e+2, 0.00000e+0, 1.25694e+4, 0.00000e+0, 1.95523e+0, 0.00000e+0, 4.17699e+2, 0.00000e+0, 4.96345e+2, 0.00000e+0, 2.15325e+1, 0.00000e+0, 2.48919e+1, 0.00000e+0, 3.99634e+0, 0.00000e+0, 3.36066e+0, 0.00000e+0, 1.65669e+0, 0.00000e+0, -5.54003e+0, 0.00000e+0, 4.25189e+0, 0.00000e+0, 1.23261e+2, 0.00000e+0, 2.00000e+1, 2.00000e+1, 3, -1, Disabled
07/10/2022 15:55:15.766, 07/10/2022 15:55:15.713, 1.93063e+0, 0.00000e+0, 4.12135e+2, 0.00000e+0, 1.25283e+4, 0.00000e+0, 1.95513e+0, 0.00000e+0, 4.17363e+2, 0.00000e+0, 4.96282e+2, 0.00000e+0, 2.15437e+1, 0.00000e+0, 2.49418e+1, 0.00000e+0, 3.99686e+0, 0.00000e+0, 3.36096e+0, 0.00000e+0, 1.65671e+0, 0.00000e+0, -5.54002e+0, 0.00000e+0, 4.25181e+0, 0.00000e+0, 1.23247e+2, 0.00000e+0, 2.00000e+1, 2.00000e+1, 3, -1, Disabled
07/10/2022 15:55:20.853, 07/10/2022 15:55:20.791, 1.93055e+0, 0.00000e+0, 4.12022e+2, 0.00000e+0, 1.24521e+4, 0.00000e+0, 1.95490e+0, 0.00000e+0, 4.17218e+2, 0.00000e+0, 4.96315e+2, 0.00000e+0, 2.15557e+1, 0.00000e+0, 2.50003e+1, 0.00000e+0, 3.99607e+0, 0.00000e+0, 3.36097e+0, 0.00000e+0, 1.65673e+0, 0.00000e+0, -5.54002e+0, 0.00000e+0, 4.25202e+0, 0.00000e+0, 1.23282e+2, 0.00000e+0, 2.00000e+1, 2.00000e+1, 3, -1, Disabled
07/10/2022 15:55:25.933, 07/10/2022 15:55:25.872, 1.93103e+0, 0.00000e+0, 4.12139e+2, 0.00000e+0, 1.25192e+4, 0.00000e+0, 1.95551e+0, 0.00000e+0, 4.17364e+2, 0.00000e+0, 4.96402e+2, 0.00000e+0, 2.15700e+1, 0.00000e+0, 2.50566e+1, 0.00000e+0, 3.99584e+0, 0.00000e+0, 3.36062e+0, 0.00000e+0, 1.65675e+0, 0.00000e+0, -5.54001e+0, 0.00000e+0, 4.25228e+0, 0.00000e+0, 1.23324e+2, 0.00000e+0, 2.00000e+1, 2.00000e+1, 3, -1, Disabled
07/10/2022 15:55:31.010, 07/10/2022 15:55:30.950, 1.93145e+0, 0.00000e+0, 4.11866e+2, 0.00000e+0, 1.25432e+4, 0.00000e+0, 1.95599e+0, 0.00000e+0, 4.17097e+2, 0.00000e+0, 4.96250e+2, 0.00000e+0, 2.15826e+1, 0.00000e+0, 2.51084e+1, 0.00000e+0, 3.99558e+0, 0.00000e+0, 3.36056e+0, 0.00000e+0, 1.65678e+0, 0.00000e+0, -5.53999e+0, 0.00000e+0, 4.25209e+0, 0.00000e+0, 1.23293e+2, 0.00000e+0, 2.00000e+1, 2.00000e+1, 3, -1, Disabled
07/10/2022 15:55:36.089, 07/10/2022 15:55:36.030, 1.93127e+0, 0.00000e+0, 4.11990e+2, 0.00000e+0, 1.25062e+4, 0.00000e+0, 1.95573e+0, 0.00000e+0, 4.17208e+2, 0.00000e+0, 4.96253e+2, 0.00000e+0, 2.16008e+1, 0.00000e+0, 2.51628e+1, 0.00000e+0, 3.99582e+0, 0.00000e+0, 3.36033e+0, 0.00000e+0, 1.65681e+0, 0.00000e+0, -5.53998e+0, 0.00000e+0, 4.25256e+0, 0.00000e+0, 1.23370e+2, 0.00000e+0, 2.00000e+1, 2.00000e+1, 3, -1, Disabled
07/10/2022 15:55:41.170, 07/10/2022 15:55:41.110, 1.93232e+0, 0.00000e+0, 4.12026e+2, 0.00000e+0, 1.25076e+4, 0.00000e+0, 1.95680e+0, 0.00000e+0, 4.17245e+2, 0.00000e+0, 4.96271e+2, 0.00000e+0, 2.16145e+1, 0.00000e+0, 2.52122e+1, 0.00000e+0, 3.99608e+0, 0.00000e+0, 3.36043e+0, 0.00000e+0, 1.65684e+0, 0.00000e+0, -5.53996e+0, 0.00000e+0, 4.25249e+0, 0.00000e+0, 1.23359e+2, 0.00000e+0, 2.00000e+1, 2.00000e+1, 3, -1, Disabled
07/10/2022 15:55:46.247, 07/10/2022 15:55:46.189, 1.93166e+0, 0.00000e+0, 4.12002e+2, 0.00000e+0, 1.24378e+4, 0.00000e+0, 1.95598e+0, 0.00000e+0, 4.17191e+2, 0.00000e+0, 4.96432e+2, 0.00000e+0, 2.16297e+1, 0.00000e+0, 2.52604e+1, 0.00000e+0, 3.99651e+0, 0.00000e+0, 3.36084e+0, 0.00000e+0, 1.65687e+0, 0.00000e+0, -5.53994e+0, 0.00000e+0, 4.25284e+0, 0.00000e+0, 1.23416e+2, 0.00000e+0, 2.00000e+1, 2.00000e+1, 3, -1, Disabled
07/10/2022 15:55:51.328, 07/10/2022 15:55:51.268, 1.93182e+0, 0.00000e+0, 4.11997e+2, 0.00000e+0, 1.23227e+4, 0.00000e+0, 1.95593e+0, 0.00000e+0, 4.17137e+2, 0.00000e+0, 4.96334e+2, 0.00000e+0, 2.16459e+1, 0.00000e+0, 2.53080e+1, 0.00000e+0, 3.99587e+0, 0.00000e+0, 3.36064e+0, 0.00000e+0, 1.65691e+0, 0.00000e+0, -5.53992e+0, 0.00000e+0, 4.25284e+0, 0.00000e+0, 1.23416e+2, 0.00000e+0, 2.00000e+1, 2.00000e+1, 3, -1, Disabled
07/10/2022 15:55:56.410, 07/10/2022 15:55:56.348, 1.93192e+0, 0.00000e+0, 4.12112e+2, 0.00000e+0, 1.23403e+4, 0.00000e+0, 1.95606e+0, 0.00000e+0, 4.17261e+2, 0.00000e+0, 4.96392e+2, 0.00000e+0, 2.16568e+1, 0.00000e+0, 2.53551e+1, 0.00000e+0, 3.99602e+0, 0.00000e+0, 3.36050e+0, 0.00000e+0, 1.65695e+0, 0.00000e+0, -5.53990e+0, 0.00000e+0, 4.25323e+0, 0.00000e+0, 1.23481e+2, 0.00000e+0, 2.00000e+1, 2.00000e+1, 3, -1, Disabled
07/10/2022 15:56:01.486, 07/10/2022 15:56:01.427, 1.93154e+0, 0.00000e+0, 4.12035e+2, 0.00000e+0, 1.23248e+4, 0.00000e+0, 1.95564e+0, 0.00000e+0, 4.17176e+2, 0.00000e+0, 4.96312e+2, 0.00000e+0, 2.16725e+1, 0.00000e+0, 2.54049e+1, 0.00000e+0, 3.99622e+0, 0.00000e+0, 3.36101e+0, 0.00000e+0, 1.65699e+0, 0.00000e+0, -5.53987e+0, 0.00000e+0, 4.25311e+0, 0.00000e+0, 1.23460e+2, 0.00000e+0, 2.00000e+1, 2.00000e+1, 3, -1, Disabled
07/10/2022 15:56:06.566, 07/10/2022 15:56:06.507, 1.93176e+0, 0.00000e+0, 4.11881e+2, 0.00000e+0, 1.21118e+4, 0.00000e+0, 1.95544e+0, 0.00000e+0, 4.16931e+2, 0.00000e+0, 4.96437e+2, 0.00000e+0, 2.16833e+1, 0.00000e+0, 2.54536e+1, 0.00000e+0, 3.99648e+0, 0.00000e+0, 3.36083e+0, 0.00000e+0, 1.65704e+0, 0.00000e+0, -5.53985e+0, 0.00000e+0, 4.25333e+0, 0.00000e+0, 1.23497e+2, 0.00000e+0, 2.00000e+1, 2.00000e+1, 3, -1, Disabled
07/10/2022 15:56:11.646, 07/10/2022 15:56:11.587, 1.93204e+0, 0.00000e+0, 4.11800e+2, 0.00000e+0, 1.19716e+4, 0.00000e+0, 1.95545e+0, 0.00000e+0, 4.16790e+2, 0.00000e+0, 4.96479e+2, 0.00000e+0, 2.17003e+1, 0.00000e+0, 2.54991e+1, 0.00000e+0, 3.99646e+0, 0.00000e+0, 3.36092e+0, 0.00000e+0, 1.65707e+0, 0.00000e+0, -5.53982e+0, 0.00000e+0, 4.25365e+0, 0.00000e+0, 1.23548e+2, 0.00000e+0, 2.00000e+1, 2.00000e+1, 3, -1, Disabled
07/10/2022 15:56:16.726, 07/10/2022 15:56:16.666, 1.93241e+0, 0.00000e+0, 4.11807e+2, 0.00000e+0, 1.19691e+4, 0.00000e+0, 1.95582e+0, 0.00000e+0, 4.16795e+2, 0.00000e+0, 4.96344e+2, 0.00000e+0, 2.17136e+1, 0.00000e+0, 2.55479e+1, 0.00000e+0, 3.99603e+0, 0.00000e+0, 3.36044e+0, 0.00000e+0, 1.65711e+0, 0.00000e+0, -5.53979e+0, 0.00000e+0, 4.25349e+0, 0.00000e+0, 1.23523e+2, 0.00000e+0, 2.00000e+1, 2.00000e+1, 3, -1, Disabled
07/10/2022 15:56:21.807, 07/10/2022 15:56:21.746, 1.93186e+0, 0.00000e+0, 4.11683e+2, 0.00000e+0, 1.20195e+4, 0.00000e+0, 1.95536e+0, 0.00000e+0, 4.16692e+2, 0.00000e+0, 4.96435e+2, 0.00000e+0, 2.17245e+1, 0.00000e+0, 2.55922e+1, 0.00000e+0, 3.99615e+0, 0.00000e+0, 3.36072e+0, 0.00000e+0, 1.65714e+0, 0.00000e+0, -5.53976e+0, 0.00000e+0, 4.25395e+0, 0.00000e+0, 1.23599e+2, 0.00000e+0, 2.00000e+1, 2.00000e+1, 3, -1, Disabled
07/10/2022 15:56:26.882, 07/10/2022 15:56:26.825, 1.93152e+0, 0.00000e+0, 4.11536e+2, 0.00000e+0, 1.20943e+4, 0.00000e+0, 1.95516e+0, 0.00000e+0, 4.16574e+2, 0.00000e+0, 4.96473e+2, 0.00000e+0, 2.17389e+1, 0.00000e+0, 2.56395e+1, 0.00000e+0, 3.99609e+0, 0.00000e+0, 3.36054e+0, 0.00000e+0, 1.65718e+0, 0.00000e+0, -5.53972e+0, 0.00000e+0, 4.25372e+0, 0.00000e+0, 1.23561e+2, 0.00000e+0, 2.00000e+1, 2.00000e+1, 3, -1, Disabled
07/10/2022 15:56:31.966, 07/10/2022 15:56:31.904, 1.93165e+0, 0.00000e+0, 4.11675e+2, 0.00000e+0, 1.20141e+4, 0.00000e+0, 1.95514e+0, 0.00000e+0, 4.16681e+2, 0.00000e+0, 4.96527e+2, 0.00000e+0, 2.17536e+1, 0.00000e+0, 2.56859e+1, 0.00000e+0, 3.99589e+0, 0.00000e+0, 3.36027e+0, 0.00000e+0, 1.65722e+0, 0.00000e+0, -5.53969e+0, 0.00000e+0, 4.25402e+0, 0.00000e+0, 1.23609e+2, 0.00000e+0, 2.00000e+1, 2.00000e+1, 3, -1, Disabled
07/10/2022 15:56:37.044, 07/10/2022 15:56:36.984, 1.93190e+0, 0.00000e+0, 4.11662e+2, 0.00000e+0, 1.20862e+4, 0.00000e+0, 1.95554e+0, 0.00000e+0, 4.16699e+2, 0.00000e+0, 4.96545e+2, 0.00000e+0, 2.17665e+1, 0.00000e+0, 2.57302e+1, 0.00000e+0, 3.99589e+0, 0.00000e+0, 3.36036e+0, 0.00000e+0, 1.65727e+0, 0.00000e+0, -5.53967e+0, 0.00000e+0, 4.25388e+0, 0.00000e+0, 1.23587e+2, 0.00000e+0, 2.00000e+1, 2.00000e+1, 3, -1, Disabled
07/10/2022 15:56:42.119, 07/10/2022 15:56:42.063, 1.93161e+0, 0.00000e+0, 4.11745e+2, 0.00000e+0, 1.22605e+4, 0.00000e+0, 1.95559e+0, 0.00000e+0, 4.16855e+2, 0.00000e+0, 4.96435e+2, 0.00000e+0, 2.17742e+1, 0.00000e+0, 2.57784e+1, 0.00000e+0, 3.99639e+0, 0.00000e+0, 3.36055e+0, 0.00000e+0, 1.65732e+0, 0.00000e+0, -5.53966e+0, 0.00000e+0, 4.25420e+0, 0.00000e+0, 1.23639e+2, 0.00000e+0, 2.00000e+1, 2.00000e+1, 3, -1, Disabled
07/10/2022 15:56:47.196, 07/10/2022 15:56:47.143, 1.93098e+0, 0.00000e+0, 4.11851e+2, 0.00000e+0, 1.23598e+4, 0.00000e+0, 1.95515e+0, 0.00000e+0, 4.17005e+2, 0.00000e+0, 4.96569e+2, 0.00000e+0, 2.17813e+1, 0.00000e+0, 2.58268e+1, 0.00000e+0, 3.99630e+0, 0.00000e+0, 3.36077e+0, 0.00000e+0, 1.65735e+0, 0.00000e+0, -5.53964e+0, 0.00000e+0, 4.25398e+0, 0.00000e+0, 1.23603e+2, 0.00000e+0, 2.00000e+1, 2.00000e+1, 3, -1, Disabled
07/10/2022 15:56:52.281, 07/10/2022 15:56:52.221, 1.93075e+0, 0.00000e+0, 4.11945e+2, 0.00000e+0, 1.24368e+4, 0.00000e+0, 1.95507e+0, 0.00000e+0, 4.17133e+2, 0.00000e+0, 4.96504e+2, 0.00000e+0, 2.17897e+1, 0.00000e+0, 2.58750e+1, 0.00000e+0, 3.99628e+0, 0.00000e+0, 3.36066e+0, 0.00000e+0, 1.65739e+0, 0.00000e+0, -5.53962e+0, 0.00000e+0, 4.25422e+0, 0.00000e+0, 1.23643e+2, 0.00000e+0, 2.00000e+1, 2.00000e+1, 3, -1, Disabled
07/10/2022 15:56:57.368, 07/10/2022 15:56:57.308, 1.93122e+0, 0.00000e+0, 4.11923e+2, 0.00000e+0, 1.25001e+4, 0.00000e+0, 1.95566e+0, 0.00000e+0, 4.17138e+2, 0.00000e+0, 4.96462e+2, 0.00000e+0, 2.18009e+1, 0.00000e+0, 2.59206e+1, 0.00000e+0, 3.99618e+0, 0.00000e+0, 3.36060e+0, 0.00000e+0, 1.65742e+0, 0.00000e+0, -5.53960e+0, 0.00000e+0, 4.25438e+0, 0.00000e+0, 1.23668e+2, 0.00000e+0, 2.00000e+1, 2.00000e+1, 3, -1, Disabled
07/10/2022 15:57:02.448, 07/10/2022 15:57:02.387, 1.93258e+0, 0.00000e+0, 4.12188e+2, 0.00000e+0, 1.25452e+4, 0.00000e+0, 1.95713e+0, 0.00000e+0, 4.17425e+2, 0.00000e+0, 4.96343e+2, 0.00000e+0, 2.18158e+1, 0.00000e+0, 2.59607e+1, 0.00000e+0, 3.99565e+0, 0.00000e+0, 3.36041e+0, 0.00000e+0, 1.65746e+0, 0.00000e+0, -5.53958e+0, 0.00000e+0, 4.25431e+0, 0.00000e+0, 1.23658e+2, 0.00000e+0, 2.00000e+1, 2.00000e+1, 3, -1, Disabled
07/10/2022 15:57:07.527, 07/10/2022 15:57:07.467, 1.93235e+0, 0.00000e+0, 4.12139e+2, 0.00000e+0, 1.25315e+4, 0.00000e+0, 1.95688e+0, 0.00000e+0, 4.17370e+2, 0.00000e+0, 4.96513e+2, 0.00000e+0, 2.18312e+1, 0.00000e+0, 2.60032e+1, 0.00000e+0, 3.99590e+0, 0.00000e+0, 3.36069e+0, 0.00000e+0, 1.65750e+0, 0.00000e+0, -5.53957e+0, 0.00000e+0, 4.25455e+0, 0.00000e+0, 1.23697e+2, 0.00000e+0, 2.00000e+1, 2.00000e+1, 3, -1, Disabled
07/10/2022 15:57:12.609, 07/10/2022 15:57:12.546, 1.93187e+0, 0.00000e+0, 4.11836e+2, 0.00000e+0, 1.24138e+4, 0.00000e+0, 1.95616e+0, 0.00000e+0, 4.17012e+2, 0.00000e+0, 4.96578e+2, 0.00000e+0, 2.18479e+1, 0.00000e+0, 2.60464e+1, 0.00000e+0, 3.99556e+0, 0.00000e+0, 3.36054e+0, 0.00000e+0, 1.65755e+0, 0.00000e+0, -5.53954e+0, 0.00000e+0, 4.25444e+0, 0.00000e+0, 1.23679e+2, 0.00000e+0, 2.00000e+1, 2.00000e+1, 3, -1, Disabled
07/10/2022 15:57:17.686, 07/10/2022 15:57:17.625, 1.93152e+0, 0.00000e+0, 4.11787e+2, 0.00000e+0, 1.23198e+4, 0.00000e+0, 1.95562e+0, 0.00000e+0, 4.16923e+2, 0.00000e+0, 4.96472e+2, 0.00000e+0, 2.18699e+1, 0.00000e+0, 2.60829e+1, 0.00000e+0, 3.99613e+0, 0.00000e+0, 3.36076e+0, 0.00000e+0, 1.65760e+0, 0.00000e+0, -5.53952e+0, 0.00000e+0, 4.25474e+0, 0.00000e+0, 1.23728e+2, 0.00000e+0, 2.00000e+1, 2.00000e+1, 3, -1, Disabled
07/10/2022 15:57:22.766, 07/10/2022 15:57:22.712, 1.93149e+0, 0.00000e+0, 4.11771e+2, 0.00000e+0, 1.23227e+4, 0.00000e+0, 1.95559e+0, 0.00000e+0, 4.16908e+2, 0.00000e+0, 4.96411e+2, 0.00000e+0, 2.18845e+1, 0.00000e+0, 2.61243e+1, 0.00000e+0, 3.99562e+0, 0.00000e+0, 3.36024e+0, 0.00000e+0, 1.65765e+0, 0.00000e+0, -5.53949e+0, 0.00000e+0, 4.25460e+0, 0.00000e+0, 1.23705e+2, 0.00000e+0, 2.00000e+1, 2.00000e+1, 3, -1, Disabled
07/10/2022 15:57:27.850, 07/10/2022 15:57:27.792, 1.93155e+0, 0.00000e+0, 4.11658e+2, 0.00000e+0, 1.22956e+4, 0.00000e+0, 1.95560e+0, 0.00000e+0, 4.16783e+2, 0.00000e+0, 4.96389e+2, 0.00000e+0, 2.19023e+1, 0.00000e+0, 2.61661e+1, 0.00000e+0, 3.99571e+0, 0.00000e+0, 3.35998e+0, 0.00000e+0, 1.65769e+0, 0.00000e+0, -5.53947e+0, 0.00000e+0, 4.25492e+0, 0.00000e+0, 1.23758e+2, 0.00000e+0, 2.00000e+1, 2.00000e+1, 3, -1, Disabled
07/10/2022 15:57:32.929, 07/10/2022 15:57:32.871, 1.93104e+0, 0.00000e+0, 4.11675e+2, 0.00000e+0, 1.23592e+4, 0.00000e+0, 1.95520e+0, 0.00000e+0, 4.16826e+2, 0.00000e+0, 4.96415e+2, 0.00000e+0, 2.19232e+1, 0.00000e+0, 2.62124e+1, 0.00000e+0, 3.99632e+0, 0.00000e+0, 3.36038e+0, 0.00000e+0, 1.65772e+0, 0.00000e+0, -5.53944e+0, 0.00000e+0, 4.25462e+0, 0.00000e+0, 1.23708e+2, 0.00000e+0, 2.00000e+1, 2.00000e+1, 3, -1, Disabled
07/10/2022 15:57:38.011, 07/10/2022 15:57:37.951, 1.93079e+0, 0.00000e+0, 4.11695e+2, 0.00000e+0, 1.24232e+4, 0.00000e+0, 1.95508e+0, 0.00000e+0, 4.16873e+2, 0.00000e+0, 4.96537e+2, 0.00000e+0, 2.19463e+1, 0.00000e+0, 2.62554e+1, 0.00000e+0, 3.99563e+0, 0.00000e+0, 3.36017e+0, 0.00000e+0, 1.65777e+0, 0.00000e+0, -5.53941e+0, 0.00000e+0, 4.25490e+0, 0.00000e+0, 1.23754e+2, 0.00000e+0, 2.00000e+1, 2.00000e+1, 3, -1, Disabled
07/10/2022 15:57:43.090, 07/10/2022 15:57:43.030, 1.93094e+0, 0.00000e+0, 4.11535e+2, 0.00000e+0, 1.24169e+4, 0.00000e+0, 1.95522e+0, 0.00000e+0, 4.16709e+2, 0.00000e+0, 4.96493e+2, 0.00000e+0, 2.19713e+1, 0.00000e+0, 2.62928e+1, 0.00000e+0, 3.99615e+0, 0.00000e+0, 3.36044e+0, 0.00000e+0, 1.65781e+0, 0.00000e+0, -5.53941e+0, 0.00000e+0, 4.25507e+0, 0.00000e+0, 1.23781e+2, 0.00000e+0, 2.00000e+1, 2.00000e+1, 3, -1, Disabled
07/10/2022 15:57:48.168, 07/10/2022 15:57:48.109, 1.93075e+0, 0.00000e+0, 4.11678e+2, 0.00000e+0, 1.25004e+4, 0.00000e+0, 1.95519e+0, 0.00000e+0, 4.16889e+2, 0.00000e+0, 4.96521e+2, 0.00000e+0, 2.19892e+1, 0.00000e+0, 2.63321e+1, 0.00000e+0, 3.99603e+0, 0.00000e+0, 3.36037e+0, 0.00000e+0, 1.65786e+0, 0.00000e+0, -5.53940e+0, 0.00000e+0, 4.25496e+0, 0.00000e+0, 1.23765e+2, 0.00000e+0, 2.00000e+1, 2.00000e+1, 3, -1, Disabled
07/10/2022 15:57:53.241, 07/10/2022 15:57:53.189, 1.93089e+0, 0.00000e+0, 4.11593e+2, 0.00000e+0, 1.24329e+4, 0.00000e+0, 1.95520e+0, 0.00000e+0, 4.16774e+2, 0.00000e+0, 4.96579e+2, 0.00000e+0, 2.20065e+1, 0.00000e+0, 2.63750e+1, 0.00000e+0, 3.99618e+0, 0.00000e+0, 3.36032e+0, 0.00000e+0, 1.65790e+0, 0.00000e+0, -5.53940e+0, 0.00000e+0, 4.25533e+0, 0.00000e+0, 1.23825e+2, 0.00000e+0, 2.00000e+1, 2.00000e+1, 3, -1, Disabled
07/10/2022 15:57:58.328, 07/10/2022 15:57:58.268, 1.93091e+0, 0.00000e+0, 4.11732e+2, 0.00000e+0, 1.23243e+4, 0.00000e+0, 1.95500e+0, 0.00000e+0, 4.16869e+2, 0.00000e+0, 4.96566e+2, 0.00000e+0, 2.20219e+1, 0.00000e+0, 2.64233e+1, 0.00000e+0, 3.99618e+0, 0.00000e+0, 3.36021e+0, 0.00000e+0, 1.65795e+0, 0.00000e+0, -5.53939e+0, 0.00000e+0, 4.25518e+0, 0.00000e+0, 1.23800e+2, 0.00000e+0, 2.00000e+1, 2.00000e+1, 3, -1, Disabled
07/10/2022 15:58:03.407, 07/10/2022 15:58:03.348, 1.93081e+0, 0.00000e+0, 4.11723e+2, 0.00000e+0, 1.24872e+4, 0.00000e+0, 1.95522e+0, 0.00000e+0, 4.16930e+2, 0.00000e+0, 4.96686e+2, 0.00000e+0, 2.20349e+1, 0.00000e+0, 2.64694e+1, 0.00000e+0, 3.99554e+0, 0.00000e+0, 3.36008e+0, 0.00000e+0, 1.65799e+0, 0.00000e+0, -5.53938e+0, 0.00000e+0, 4.25546e+0, 0.00000e+0, 1.23845e+2, 0.00000e+0, 2.00000e+1, 2.00000e+1, 3, -1, Disabled
07/10/2022 15:58:08.485, 07/10/2022 15:58:08.428, 1.93027e+0, 0.00000e+0, 4.11643e+2, 0.00000e+0, 1.25573e+4, 0.00000e+0, 1.95482e+0, 0.00000e+0, 4.16878e+2, 0.00000e+0, 4.96687e+2, 0.00000e+0, 2.20518e+1, 0.00000e+0, 2.65085e+1, 0.00000e+0, 3.99575e+0, 0.00000e+0, 3.35997e+0, 0.00000e+0, 1.65802e+0, 0.00000e+0, -5.53937e+0, 0.00000e+0, 4.25532e+0, 0.00000e+0, 1.23822e+2, 0.00000e+0, 2.00000e+1, 2.00000e+1, 3, -1, Disabled
07/10/2022 15:58:13.565, 07/10/2022 15:58:13.506, 1.93077e+0, 0.00000e+0, 4.11611e+2, 0.00000e+0, 1.23992e+4, 0.00000e+0, 1.95501e+0, 0.00000e+0, 4.16779e+2, 0.00000e+0, 4.96626e+2, 0.00000e+0, 2.20715e+1, 0.00000e+0, 2.65490e+1, 0.00000e+0, 3.99620e+0, 0.00000e+0, 3.36031e+0, 0.00000e+0, 1.65806e+0, 0.00000e+0, -5.53935e+0, 0.00000e+0, 4.25565e+0, 0.00000e+0, 1.23877e+2, 0.00000e+0, 2.00000e+1, 2.00000e+1, 3, -1, Disabled
07/10/2022 15:58:18.659, 07/10/2022 15:58:18.586, 1.93107e+0, 0.00000e+0, 4.11673e+2, 0.00000e+0, 1.23732e+4, 0.00000e+0, 1.95527e+0, 0.00000e+0, 4.16830e+2, 0.00000e+0, 4.96579e+2, 0.00000e+0, 2.20880e+1, 0.00000e+0, 2.65886e+1, 0.00000e+0, 3.99589e+0, 0.00000e+0, 3.36017e+0, 0.00000e+0, 1.65810e+0, 0.00000e+0, -5.53934e+0, 0.00000e+0, 4.25541e+0, 0.00000e+0, 1.23837e+2, 0.00000e+0, 2.00000e+1, 2.00000e+1, 3, -1, Disabled
07/10/2022 15:58:23.722, 07/10/2022 15:58:23.665, 1.93064e+0, 0.00000e+0, 4.11568e+2, 0.00000e+0, 1.24515e+4, 0.00000e+0, 1.95498e+0, 0.00000e+0, 4.16757e+2, 0.00000e+0, 4.96626e+2, 0.00000e+0, 2.21052e+1, 0.00000e+0, 2.66251e+1, 0.00000e+0, 3.99569e+0, 0.00000e+0, 3.36017e+0, 0.00000e+0, 1.65814e+0, 0.00000e+0, -5.53932e+0, 0.00000e+0, 4.25570e+0, 0.00000e+0, 1.23885e+2, 0.00000e+0, 2.00000e+1, 2.00000e+1, 3, -1, Disabled
07/10/2022 15:58:28.802, 07/10/2022 15:58:28.745, 1.93082e+0, 0.00000e+0, 4.11596e+2, 0.00000e+0, 1.24326e+4, 0.00000e+0, 1.95513e+0, 0.00000e+0, 4.16777e+2, 0.00000e+0, 4.96424e+2, 0.00000e+0, 2.21229e+1, 0.00000e+0, 2.66561e+1, 0.00000e+0, 3.99603e+0, 0.00000e+0, 3.36032e+0, 0.00000e+0, 1.65819e+0, 0.00000e+0, -5.53931e+0, 0.00000e+0, 4.25435e+0, 0.00000e+0, 1.23664e+2, 0.00000e+0, 2.00000e+1, 2.00000e+1, 3, -1, Disabled
07/10/2022 15:58:33.903, 07/10/2022 15:58:33.831, 1.93118e+0, 0.00000e+0, 4.11430e+2, 0.00000e+0, 1.23760e+4, 0.00000e+0, 1.95538e+0, 0.00000e+0, 4.16586e+2, 0.00000e+0, 4.96463e+2, 0.00000e+0, 2.21373e+1, 0.00000e+0, 2.66977e+1, 0.00000e+0, 3.99580e+0, 0.00000e+0, 3.36038e+0, 0.00000e+0, 1.65825e+0, 0.00000e+0, -5.53927e+0, 0.00000e+0, 4.25538e+0, 0.00000e+0, 1.23832e+2, 0.00000e+0, 2.00000e+1, 2.00000e+1, 3, -1, Disabled
07/10/2022 15:58:38.968, 07/10/2022 15:58:38.911, 1.93048e+0, 0.00000e+0, 4.11640e+2, 0.00000e+0, 1.24742e+4, 0.00000e+0, 1.95486e+0, 0.00000e+0, 4.16840e+2, 0.00000e+0, 4.96413e+2, 0.00000e+0, 2.21497e+1, 0.00000e+0, 2.67404e+1, 0.00000e+0, 3.99605e+0, 0.00000e+0, 3.35975e+0, 0.00000e+0, 1.65828e+0, 0.00000e+0, -5.53924e+0, 0.00000e+0, 4.25599e+0, 0.00000e+0, 1.23932e+2, 0.00000e+0, 2.00000e+1, 2.00000e+1, 3, -1, Disabled
07/10/2022 15:58:44.050, 07/10/2022 15:58:43.990, 1.93073e+0, 0.00000e+0, 4.11661e+2, 0.00000e+0, 1.25590e+4, 0.00000e+0, 1.95529e+0, 0.00000e+0, 4.16897e+2, 0.00000e+0, 4.96417e+2, 0.00000e+0, 2.21655e+1, 0.00000e+0, 2.67827e+1, 0.00000e+0, 3.99562e+0, 0.00000e+0, 3.36006e+0, 0.00000e+0, 1.65831e+0, 0.00000e+0, -5.53922e+0, 0.00000e+0, 4.25584e+0, 0.00000e+0, 1.23908e+2, 0.00000e+0, 2.00000e+1, 2.00000e+1, 3, -1, Disabled
07/10/2022 15:58:49.128, 07/10/2022 15:58:49.069, 1.93091e+0, 0.00000e+0, 4.11900e+2, 0.00000e+0, 1.26147e+4, 0.00000e+0, 1.95558e+0, 0.00000e+0, 4.17162e+2, 0.00000e+0, 4.96570e+2, 0.00000e+0, 2.21833e+1, 0.00000e+0, 2.68191e+1, 0.00000e+0, 3.99552e+0, 0.00000e+0, 3.36009e+0, 0.00000e+0, 1.65835e+0, 0.00000e+0, -5.53920e+0, 0.00000e+0, 4.25612e+0, 0.00000e+0, 1.23955e+2, 0.00000e+0, 2.00000e+1, 2.00000e+1, 3, -1, Disabled
07/10/2022 15:58:54.216, 07/10/2022 15:58:54.155, 1.93006e+0, 0.00000e+0, 4.11915e+2, 0.00000e+0, 1.27699e+4, 0.00000e+0, 1.95502e+0, 0.00000e+0, 4.17243e+2, 0.00000e+0, 4.96502e+2, 0.00000e+0, 2.21999e+1, 0.00000e+0, 2.68535e+1, 0.00000e+0, 3.99571e+0, 0.00000e+0, 3.35986e+0, 0.00000e+0, 1.65838e+0, 0.00000e+0, -5.53918e+0, 0.00000e+0, 4.25599e+0, 0.00000e+0, 1.23932e+2, 0.00000e+0, 2.00000e+1, 2.00000e+1, 3, -1, Disabled
07/10/2022 15:58:59.302, 07/10/2022 15:58:59.235, 1.93131e+0, 0.00000e+0, 4.11772e+2, 0.00000e+0, 1.26450e+4, 0.00000e+0, 1.95604e+0, 0.00000e+0, 4.17046e+2, 0.00000e+0, 4.96625e+2, 0.00000e+0, 2.22164e+1, 0.00000e+0, 2.68904e+1, 0.00000e+0, 3.99619e+0, 0.00000e+0, 3.36027e+0, 0.00000e+0, 1.65842e+0, 0.00000e+0, -5.53915e+0, 0.00000e+0, 4.25635e+0, 0.00000e+0, 1.23992e+2, 0.00000e+0, 2.00000e+1, 2.00000e+1, 3, -1, Disabled
07/10/2022 15:59:04.374, 07/10/2022 15:59:04.314, 1.93147e+0, 0.00000e+0, 4.11927e+2, 0.00000e+0, 1.25728e+4, 0.00000e+0, 1.95606e+0, 0.00000e+0, 4.17172e+2, 0.00000e+0, 4.96486e+2, 0.00000e+0, 2.22323e+1, 0.00000e+0, 2.69269e+1, 0.00000e+0, 3.99567e+0, 0.00000e+0, 3.35998e+0, 0.00000e+0, 1.65847e+0, 0.00000e+0, -5.53913e+0, 0.00000e+0, 4.25610e+0, 0.00000e+0, 1.23951e+2, 0.00000e+0, 2.00000e+1, 2.00000e+1, 3, -1, Disabled
07/10/2022 15:59:09.455, 07/10/2022 15:59:09.394, 1.93066e+0, 0.00000e+0, 4.11793e+2, 0.00000e+0, 1.26082e+4, 0.00000e+0, 1.95532e+0, 0.00000e+0, 4.17052e+2, 0.00000e+0, 4.96567e+2, 0.00000e+0, 2.22427e+1, 0.00000e+0, 2.69655e+1, 0.00000e+0, 3.99576e+0, 0.00000e+0, 3.35997e+0, 0.00000e+0, 1.65851e+0, 0.00000e+0, -5.53910e+0, 0.00000e+0, 4.25631e+0, 0.00000e+0, 1.23985e+2, 0.00000e+0, 2.00000e+1, 2.00000e+1, 3, -1, Disabled
07/10/2022 15:59:14.533, 07/10/2022 15:59:14.474, 1.93039e+0, 0.00000e+0, 4.11689e+2, 0.00000e+0, 1.25963e+4, 0.00000e+0, 1.95502e+0, 0.00000e+0, 4.16941e+2, 0.00000e+0, 4.96589e+2, 0.00000e+0, 2.22560e+1, 0.00000e+0, 2.70012e+1, 0.00000e+0, 3.99608e+0, 0.00000e+0, 3.36032e+0, 0.00000e+0, 1.65856e+0, 0.00000e+0, -5.53910e+0, 0.00000e+0, 4.25627e+0, 0.00000e+0, 1.23978e+2, 0.00000e+0, 2.00000e+1, 2.00000e+1, 3, -1, Disabled
07/10/2022 15:59:19.610, 07/10/2022 15:59:19.554, 1.93044e+0, 0.00000e+0, 4.11740e+2, 0.00000e+0, 1.25641e+4, 0.00000e+0, 1.95500e+0, 0.00000e+0, 4.16979e+2, 0.00000e+0, 4.96651e+2, 0.00000e+0, 2.22702e+1, 0.00000e+0, 2.70343e+1, 0.00000e+0, 3.99596e+0, 0.00000e+0, 3.36016e+0, 0.00000e+0, 1.65859e+0, 0.00000e+0, -5.53910e+0, 0.00000e+0, 4.25618e+0, 0.00000e+0, 1.23965e+2, 0.00000e+0, 2.00000e+1, 2.00000e+1, 3, -1, Disabled
07/10/2022 15:59:24.683, 07/10/2022 15:59:24.633, 1.92981e+0, 0.00000e+0, 4.11878e+2, 0.00000e+0, 1.26815e+4, 0.00000e+0, 1.95460e+0, 0.00000e+0, 4.17169e+2, 0.00000e+0, 4.96698e+2, 0.00000e+0, 2.22785e+1, 0.00000e+0, 2.70731e+1, 0.00000e+0, 3.99557e+0, 0.00000e+0, 3.35990e+0, 0.00000e+0, 1.65862e+0, 0.00000e+0, -5.53910e+0, 0.00000e+0, 4.25654e+0, 0.00000e+0, 1.24023e+2, 0.00000e+0, 2.00000e+1, 2.00000e+1, 3, -1, Disabled
07/10/2022 15:59:29.773, 07/10/2022 15:59:29.712, 1.92931e+0, 0.00000e+0, 4.11860e+2, 0.00000e+0, 1.28148e+4, 0.00000e+0, 1.95436e+0, 0.00000e+0, 4.17207e+2, 0.00000e+0, 4.96608e+2, 0.00000e+0, 2.22881e+1, 0.00000e+0, 2.71121e+1, 0.00000e+0, 3.99614e+0, 0.00000e+0, 3.36003e+0, 0.00000e+0, 1.65865e+0, 0.00000e+0, -5.53910e+0, 0.00000e+0, 4.25621e+0, 0.00000e+0, 1.23970e+2, 0.00000e+0, 2.00000e+1, 2.00000e+1, 3, -1, Disabled
07/10/2022 15:59:34.849, 07/10/2022 15:59:34.791, 1.92948e+0, 0.00000e+0, 4.11714e+2, 0.00000e+0, 1.25987e+4, 0.00000e+0, 1.95410e+0, 0.00000e+0, 4.16967e+2, 0.00000e+0, 4.96604e+2, 0.00000e+0, 2.23005e+1, 0.00000e+0, 2.71463e+1, 0.00000e+0, 3.99595e+0, 0.00000e+0, 3.35970e+0, 0.00000e+0, 1.65869e+0, 0.00000e+0, -5.53910e+0, 0.00000e+0, 4.25649e+0, 0.00000e+0, 1.24014e+2, 0.00000e+0, 2.00000e+1, 2.00000e+1, 3, -1, Disabled
07/10/2022 15:59:39.932, 07/10/2022 15:59:39.871, 1.93014e+0, 0.00000e+0, 4.11894e+2, 0.00000e+0, 1.23429e+4, 0.00000e+0, 1.95426e+0, 0.00000e+0, 4.17041e+2, 0.00000e+0, 4.96643e+2, 0.00000e+0, 2.23161e+1, 0.00000e+0, 2.71788e+1, 0.00000e+0, 3.99588e+0, 0.00000e+0, 3.36003e+0, 0.00000e+0, 1.65873e+0, 0.00000e+0, -5.53910e+0, 0.00000e+0, 4.25636e+0, 0.00000e+0, 1.23993e+2, 0.00000e+0, 2.00000e+1, 2.00000e+1, 3, -1, Disabled
07/10/2022 15:59:45.013, 07/10/2022 15:59:44.950, 1.92965e+0, 0.00000e+0, 4.11970e+2, 0.00000e+0, 1.24177e+4, 0.00000e+0, 1.95391e+0, 0.00000e+0, 4.17150e+2, 0.00000e+0, 4.96822e+2, 0.00000e+0, 2.23329e+1, 0.00000e+0, 2.72058e+1, 0.00000e+0, 3.99596e+0, 0.00000e+0, 3.35980e+0, 0.00000e+0, 1.65877e+0, 0.00000e+0, -5.53910e+0, 0.00000e+0, 4.25670e+0, 0.00000e+0, 1.24050e+2, 0.00000e+0, 2.00000e+1, 2.00000e+1, 3, -1, Disabled
07/10/2022 15:59:50.087, 07/10/2022 15:59:50.029, 1.93060e+0, 0.00000e+0, 4.12063e+2, 0.00000e+0, 1.25141e+4, 0.00000e+0, 1.95506e+0, 0.00000e+0, 4.17285e+2, 0.00000e+0, 4.96759e+2, 0.00000e+0, 2.23507e+1, 0.00000e+0, 2.72398e+1, 0.00000e+0, 3.99551e+0, 0.00000e+0, 3.35962e+0, 0.00000e+0, 1.65881e+0, 0.00000e+0, -5.53910e+0, 0.00000e+0, 4.25643e+0, 0.00000e+0, 1.24006e+2, 0.00000e+0, 2.00000e+1, 2.00000e+1, 3, -1, Disabled
07/10/2022 15:59:55.163, 07/10/2022 15:59:55.110, 1.93051e+0, 0.00000e+0, 4.11975e+2, 0.00000e+0, 1.25434e+4, 0.00000e+0, 1.95503e+0, 0.00000e+0, 4.17208e+2, 0.00000e+0, 4.96785e+2, 0.00000e+0, 2.23690e+1, 0.00000e+0, 2.72769e+1, 0.00000e+0, 3.99553e+0, 0.00000e+0, 3.35981e+0, 0.00000e+0, 1.65885e+0, 0.00000e+0, -5.53910e+0, 0.00000e+0, 4.25675e+0, 0.00000e+0, 1.24057e+2, 0.00000e+0, 2.00000e+1, 2.00000e+1, 3, -1, Disabled
07/10/2022 16:00:00.248, 07/10/2022 16:00:00.189, 1.93011e+0, 0.00000e+0, 4.11982e+2, 0.00000e+0, 1.26132e+4, 0.00000e+0, 1.95477e+0, 0.00000e+0, 4.17245e+2, 0.00000e+0, 4.96709e+2, 0.00000e+0, 2.23888e+1, 0.00000e+0, 2.73107e+1, 0.00000e+0, 3.99572e+0, 0.00000e+0, 3.35976e+0, 0.00000e+0, 1.65888e+0, 0.00000e+0, -5.53910e+0, 0.00000e+0, 4.25672e+0, 0.00000e+0, 1.24052e+2, 0.00000e+0, 2.00000e+1, 2.00000e+1, 3, -1, Disabled
07/10/2022 16:00:05.327, 07/10/2022 16:00:05.268, 1.93015e+0, 0.00000e+0, 4.11922e+2, 0.00000e+0, 1.26488e+4, 0.00000e+0, 1.95488e+0, 0.00000e+0, 4.17199e+2, 0.00000e+0, 4.96703e+2, 0.00000e+0, 2.24086e+1, 0.00000e+0, 2.73450e+1, 0.00000e+0, 3.99561e+0, 0.00000e+0, 3.35973e+0, 0.00000e+0, 1.65891e+0, 0.00000e+0, -5.53910e+0, 0.00000e+0, 4.25664e+0, 0.00000e+0, 1.24039e+2, 0.00000e+0, 2.00000e+1, 2.00000e+1, 3, -1, Disabled
07/10/2022 16:00:10.408, 07/10/2022 16:00:10.347, 1.93001e+0, 0.00000e+0, 4.12042e+2, 0.00000e+0, 1.26179e+4, 0.00000e+0, 1.95468e+0, 0.00000e+0, 4.17307e+2, 0.00000e+0, 4.96892e+2, 0.00000e+0, 2.24304e+1, 0.00000e+0, 2.73780e+1, 0.00000e+0, 3.99548e+0, 0.00000e+0, 3.35981e+0, 0.00000e+0, 1.65895e+0, 0.00000e+0, -5.53909e+0, 0.00000e+0, 4.25693e+0, 0.00000e+0, 1.24087e+2, 0.00000e+0, 2.00000e+1, 2.00000e+1, 3, -1, Disabled
07/10/2022 16:00:15.488, 07/10/2022 16:00:15.427, 1.93080e+0, 0.00000e+0, 4.12134e+2, 0.00000e+0, 1.26816e+4, 0.00000e+0, 1.95560e+0, 0.00000e+0, 4.17428e+2, 0.00000e+0, 4.96823e+2, 0.00000e+0, 2.24549e+1, 0.00000e+0, 2.74086e+1, 0.00000e+0, 3.99538e+0, 0.00000e+0, 3.35965e+0, 0.00000e+0, 1.65898e+0, 0.00000e+0, -5.53908e+0, 0.00000e+0, 4.25686e+0, 0.00000e+0, 1.24075e+2, 0.00000e+0, 2.00000e+1, 2.00000e+1, 3, -1, Disabled
07/10/2022 16:00:20.559, 07/10/2022 16:00:20.506, 1.93037e+0, 0.00000e+0, 4.12176e+2, 0.00000e+0, 1.26846e+4, 0.00000e+0, 1.95517e+0, 0.00000e+0, 4.17471e+2, 0.00000e+0, 4.96860e+2, 0.00000e+0, 2.24790e+1, 0.00000e+0, 2.74447e+1, 0.00000e+0, 3.99597e+0, 0.00000e+0, 3.35969e+0, 0.00000e+0, 1.65902e+0, 0.00000e+0, -5.53907e+0, 0.00000e+0, 4.25711e+0, 0.00000e+0, 1.24117e+2, 0.00000e+0, 2.00000e+1, 2.00000e+1, 3, -1, Disabled
07/10/2022 16:00:25.643, 07/10/2022 16:00:25.586, 1.93147e+0, 0.00000e+0, 4.12177e+2, 0.00000e+0, 1.26143e+4, 0.00000e+0, 1.95614e+0, 0.00000e+0, 4.17442e+2, 0.00000e+0, 4.96725e+2, 0.00000e+0, 2.25017e+1, 0.00000e+0, 2.74814e+1, 0.00000e+0, 3.99533e+0, 0.00000e+0, 3.36015e+0, 0.00000e+0, 1.65905e+0, 0.00000e+0, -5.53906e+0, 0.00000e+0, 4.25688e+0, 0.00000e+0, 1.24078e+2, 0.00000e+0, 2.00000e+1, 2.00000e+1, 3, -1, Disabled
07/10/2022 16:00:30.729, 07/10/2022 16:00:30.666, 1.93121e+0, 0.00000e+0, 4.12072e+2, 0.00000e+0, 1.26542e+4, 0.00000e+0, 1.95597e+0, 0.00000e+0, 4.17353e+2, 0.00000e+0, 4.96718e+2, 0.00000e+0, 2.25224e+1, 0.00000e+0, 2.75199e+1, 0.00000e+0, 3.99535e+0, 0.00000e+0, 3.35974e+0, 0.00000e+0, 1.65909e+0, 0.00000e+0, -5.53904e+0, 0.00000e+0, 4.25726e+0, 0.00000e+0, 1.24140e+2, 0.00000e+0, 2.00000e+1, 2.00000e+1, 3, -1, Disabled
07/10/2022 16:00:35.806, 07/10/2022 16:00:35.745, 1.93092e+0, 0.00000e+0, 4.12035e+2, 0.00000e+0, 1.26064e+4, 0.00000e+0, 1.95557e+0, 0.00000e+0, 4.17296e+2, 0.00000e+0, 4.96718e+2, 0.00000e+0, 2.25402e+1, 0.00000e+0, 2.75509e+1, 0.00000e+0, 3.99541e+0, 0.00000e+0, 3.35977e+0, 0.00000e+0, 1.65913e+0, 0.00000e+0, -5.53903e+0, 0.00000e+0, 4.25691e+0, 0.00000e+0, 1.24084e+2, 0.00000e+0, 2.00000e+1, 2.00000e+1, 3, -1, Disabled
07/10/2022 16:00:40.884, 07/10/2022 16:00:40.824, 1.93068e+0, 0.00000e+0, 4.11906e+2, 0.00000e+0, 1.25306e+4, 0.00000e+0, 1.95518e+0, 0.00000e+0, 4.17133e+2, 0.00000e+0, 4.96874e+2, 0.00000e+0, 2.25580e+1, 0.00000e+0, 2.75762e+1, 0.00000e+0, 3.99557e+0, 0.00000e+0, 3.35964e+0, 0.00000e+0, 1.65916e+0, 0.00000e+0, -5.53901e+0, 0.00000e+0, 4.25713e+0, 0.00000e+0, 1.24119e+2, 0.00000e+0, 2.00000e+1, 2.00000e+1, 3, -1, Disabled
07/10/2022 16:00:45.961, 07/10/2022 16:00:45.904, 1.93011e+0, 0.00000e+0, 4.11851e+2, 0.00000e+0, 1.26722e+4, 0.00000e+0, 1.95488e+0, 0.00000e+0, 4.17137e+2, 0.00000e+0, 4.96784e+2, 0.00000e+0, 2.25738e+1, 0.00000e+0, 2.75972e+1, 0.00000e+0, 3.99554e+0, 0.00000e+0, 3.35988e+0, 0.00000e+0, 1.65918e+0, 0.00000e+0, -5.53900e+0, 0.00000e+0, 4.25705e+0, 0.00000e+0, 1.24107e+2, 0.00000e+0, 2.00000e+1, 2.00000e+1, 3, -1, Disabled
07/10/2022 16:00:51.045, 07/10/2022 16:00:50.983, 1.93037e+0, 0.00000e+0, 4.11727e+2, 0.00000e+0, 1.26818e+4, 0.00000e+0, 1.95517e+0, 0.00000e+0, 4.17016e+2, 0.00000e+0, 4.96806e+2, 0.00000e+0, 2.25915e+1, 0.00000e+0, 2.76222e+1, 0.00000e+0, 3.99544e+0, 0.00000e+0, 3.35946e+0, 0.00000e+0, 1.65921e+0, 0.00000e+0, -5.53898e+0, 0.00000e+0, 4.25706e+0, 0.00000e+0, 1.24109e+2, 0.00000e+0, 2.00000e+1, 2.00000e+1, 3, -1, Disabled
07/10/2022 16:00:56.124, 07/10/2022 16:00:56.064, 1.93037e+0, 0.00000e+0, 4.11545e+2, 0.00000e+0, 1.25144e+4, 0.00000e+0, 1.95484e+0, 0.00000e+0, 4.16761e+2, 0.00000e+0, 4.96822e+2, 0.00000e+0, 2.26051e+1, 0.00000e+0, 2.76569e+1, 0.00000e+0, 3.99592e+0, 0.00000e+0, 3.35977e+0, 0.00000e+0, 1.65924e+0, 0.00000e+0, -5.53897e+0, 0.00000e+0, 4.25741e+0, 0.00000e+0, 1.24166e+2, 0.00000e+0, 2.00000e+1, 2.00000e+1, 3, -1, Disabled
07/10/2022 16:01:01.198, 07/10/2022 16:01:01.142, 1.93076e+0, 0.00000e+0, 4.11583e+2, 0.00000e+0, 1.24663e+4, 0.00000e+0, 1.95514e+0, 0.00000e+0, 4.16778e+2, 0.00000e+0, 4.96804e+2, 0.00000e+0, 2.26244e+1, 0.00000e+0, 2.76960e+1, 0.00000e+0, 3.99561e+0, 0.00000e+0, 3.35968e+0, 0.00000e+0, 1.65927e+0, 0.00000e+0, -5.53895e+0, 0.00000e+0, 4.25721e+0, 0.00000e+0, 1.24133e+2, 0.00000e+0, 2.00000e+1, 2.00000e+1, 3, -1, Disabled
07/10/2022 16:01:06.283, 07/10/2022 16:01:06.222, 1.93087e+0, 0.00000e+0, 4.11690e+2, 0.00000e+0, 1.25882e+4, 0.00000e+0, 1.95549e+0, 0.00000e+0, 4.16938e+2, 0.00000e+0, 4.96739e+2, 0.00000e+0, 2.26423e+1, 0.00000e+0, 2.77379e+1, 0.00000e+0, 3.99597e+0, 0.00000e+0, 3.35945e+0, 0.00000e+0, 1.65930e+0, 0.00000e+0, -5.53893e+0, 0.00000e+0, 4.25753e+0, 0.00000e+0, 1.24185e+2, 0.00000e+0, 2.00000e+1, 2.00000e+1, 3, -1, Disabled
07/10/2022 16:01:11.362, 07/10/2022 16:01:11.301, 1.93123e+0, 0.00000e+0, 4.11529e+2, 0.00000e+0, 1.25295e+4, 0.00000e+0, 1.95574e+0, 0.00000e+0, 4.16751e+2, 0.00000e+0, 4.96657e+2, 0.00000e+0, 2.26600e+1, 0.00000e+0, 2.77694e+1, 0.00000e+0, 3.99555e+0, 0.00000e+0, 3.35988e+0, 0.00000e+0, 1.65933e+0, 0.00000e+0, -5.53891e+0, 0.00000e+0, 4.25738e+0, 0.00000e+0, 1.24161e+2, 0.00000e+0, 2.00000e+1, 2.00000e+1, 3, -1, Disabled
07/10/2022 16:01:16.443, 07/10/2022 16:01:16.381, 1.93078e+0, 0.00000e+0, 4.11372e+2, 0.00000e+0, 1.24207e+4, 0.00000e+0, 1.95507e+0, 0.00000e+0, 4.16546e+2, 0.00000e+0, 4.96818e+2, 0.00000e+0, 2.26761e+1, 0.00000e+0, 2.78003e+1, 0.00000e+0, 3.99564e+0, 0.00000e+0, 3.35990e+0, 0.00000e+0, 1.65936e+0, 0.00000e+0, -5.53889e+0, 0.00000e+0, 4.25772e+0, 0.00000e+0, 1.24217e+2, 0.00000e+0, 2.00000e+1, 2.00000e+1, 3, -1, Disabled
07/10/2022 16:01:21.521, 07/10/2022 16:01:21.460, 1.93074e+0, 0.00000e+0, 4.11435e+2, 0.00000e+0, 1.23204e+4, 0.00000e+0, 1.95482e+0, 0.00000e+0, 4.16567e+2, 0.00000e+0, 4.96922e+2, 0.00000e+0, 2.26941e+1, 0.00000e+0, 2.78269e+1, 0.00000e+0, 3.99588e+0, 0.00000e+0, 3.35945e+0, 0.00000e+0, 1.65940e+0, 0.00000e+0, -5.53887e+0, 0.00000e+0, 4.25745e+0, 0.00000e+0, 1.24173e+2, 0.00000e+0, 2.00000e+1, 2.00000e+1, 3, -1, Disabled
07/10/2022 16:01:26.617, 07/10/2022 16:01:26.540, 1.93110e+0, 0.00000e+0, 4.11213e+2, 0.00000e+0, 1.23762e+4, 0.00000e+0, 1.95530e+0, 0.00000e+0, 4.16366e+2, 0.00000e+0, 4.96902e+2, 0.00000e+0, 2.27088e+1, 0.00000e+0, 2.78632e+1, 0.00000e+0, 3.99554e+0, 0.00000e+0, 3.35988e+0, 0.00000e+0, 1.65944e+0, 0.00000e+0, -5.53885e+0, 0.00000e+0, 4.25781e+0, 0.00000e+0, 1.24231e+2, 0.00000e+0, 2.00000e+1, 2.00000e+1, 3, -1, Disabled
07/10/2022 16:01:31.684, 07/10/2022 16:01:31.620, 1.93082e+0, 0.00000e+0, 4.11207e+2, 0.00000e+0, 1.24413e+4, 0.00000e+0, 1.95514e+0, 0.00000e+0, 4.16388e+2, 0.00000e+0, 4.96820e+2, 0.00000e+0, 2.27251e+1, 0.00000e+0, 2.78947e+1, 0.00000e+0, 3.99562e+0, 0.00000e+0, 3.35952e+0, 0.00000e+0, 1.65946e+0, 0.00000e+0, -5.53883e+0, 0.00000e+0, 4.25758e+0, 0.00000e+0, 1.24194e+2, 0.00000e+0, 2.00000e+1, 2.00000e+1, 3, -1, Disabled
07/10/2022 16:01:36.761, 07/10/2022 16:01:36.699, 1.93093e+0, 0.00000e+0, 4.11314e+2, 0.00000e+0, 1.23650e+4, 0.00000e+0, 1.95510e+0, 0.00000e+0, 4.16464e+2, 0.00000e+0, 4.96846e+2, 0.00000e+0, 2.27435e+1, 0.00000e+0, 2.79261e+1, 0.00000e+0, 3.99568e+0, 0.00000e+0, 3.35974e+0, 0.00000e+0, 1.65948e+0, 0.00000e+0, -5.53881e+0, 0.00000e+0, 4.25781e+0, 0.00000e+0, 1.24232e+2, 0.00000e+0, 2.00000e+1, 2.00000e+1, 3, -1, Disabled
07/10/2022 16:01:41.839, 07/10/2022 16:01:41.778, 1.93078e+0, 0.00000e+0, 4.11260e+2, 0.00000e+0, 1.23657e+4, 0.00000e+0, 1.95495e+0, 0.00000e+0, 4.16409e+2, 0.00000e+0, 4.96856e+2, 0.00000e+0, 2.27601e+1, 0.00000e+0, 2.79500e+1, 0.00000e+0, 3.99570e+0, 0.00000e+0, 3.35962e+0, 0.00000e+0, 1.65951e+0, 0.00000e+0, -5.53881e+0, 0.00000e+0, 4.25797e+0, 0.00000e+0, 1.24257e+2, 0.00000e+0, 2.00000e+1, 2.00000e+1, 3, -1, Disabled
07/10/2022 16:01:46.914, 07/10/2022 16:01:46.858, 1.93062e+0, 0.00000e+0, 4.11202e+2, 0.00000e+0, 1.24812e+4, 0.00000e+0, 1.95502e+0, 0.00000e+0, 4.16400e+2, 0.00000e+0, 4.96833e+2, 0.00000e+0, 2.27758e+1, 0.00000e+0, 2.79804e+1, 0.00000e+0, 3.99569e+0, 0.00000e+0, 3.35941e+0, 0.00000e+0, 1.65953e+0, 0.00000e+0, -5.53881e+0, 0.00000e+0, 4.25782e+0, 0.00000e+0, 1.24232e+2, 0.00000e+0, 2.00000e+1, 2.00000e+1, 3, -1, Disabled
07/10/2022 16:01:51.998, 07/10/2022 16:01:51.937, 1.93074e+0, 0.00000e+0, 4.11133e+2, 0.00000e+0, 1.25517e+4, 0.00000e+0, 1.95528e+0, 0.00000e+0, 4.16359e+2, 0.00000e+0, 4.96978e+2, 0.00000e+0, 2.27875e+1, 0.00000e+0, 2.80044e+1, 0.00000e+0, 3.99552e+0, 0.00000e+0, 3.35952e+0, 0.00000e+0, 1.65956e+0, 0.00000e+0, -5.53881e+0, 0.00000e+0, 4.25804e+0, 0.00000e+0, 1.24268e+2, 0.00000e+0, 2.00000e+1, 2.00000e+1, 3, -1, Disabled
07/10/2022 16:01:57.076, 07/10/2022 16:01:57.017, 1.93042e+0, 0.00000e+0, 4.11158e+2, 0.00000e+0, 1.25043e+4, 0.00000e+0, 1.95487e+0, 0.00000e+0, 4.16364e+2, 0.00000e+0, 4.96946e+2, 0.00000e+0, 2.28007e+1, 0.00000e+0, 2.80378e+1, 0.00000e+0, 3.99530e+0, 0.00000e+0, 3.35932e+0, 0.00000e+0, 1.65959e+0, 0.00000e+0, -5.53881e+0, 0.00000e+0, 4.25780e+0, 0.00000e+0, 1.24229e+2, 0.00000e+0, 2.00000e+1, 2.00000e+1, 3, -1, Disabled
07/10/2022 16:02:02.155, 07/10/2022 16:02:02.096, 1.93023e+0, 0.00000e+0, 4.11058e+2, 0.00000e+0, 1.24594e+4, 0.00000e+0, 1.95458e+0, 0.00000e+0, 4.16244e+2, 0.00000e+0, 4.97035e+2, 0.00000e+0, 2.28128e+1, 0.00000e+0, 2.80678e+1, 0.00000e+0, 3.99522e+0, 0.00000e+0, 3.35936e+0, 0.00000e+0, 1.65962e+0, 0.00000e+0, -5.53881e+0, 0.00000e+0, 4.25808e+0, 0.00000e+0, 1.24275e+2, 0.00000e+0, 2.00000e+1, 2.00000e+1, 3, -1, Disabled
07/10/2022 16:02:07.236, 07/10/2022 16:02:07.176, 1.93064e+0, 0.00000e+0, 4.11047e+2, 0.00000e+0, 1.25000e+4, 0.00000e+0, 1.95507e+0, 0.00000e+0, 4.16250e+2, 0.00000e+0, 4.96927e+2, 0.00000e+0, 2.28263e+1, 0.00000e+0, 2.80902e+1, 0.00000e+0, 3.99520e+0, 0.00000e+0, 3.35923e+0, 0.00000e+0, 1.65965e+0, 0.00000e+0, -5.53881e+0, 0.00000e+0, 4.25781e+0, 0.00000e+0, 1.24231e+2, 0.00000e+0, 2.00000e+1, 2.00000e+1, 3, -1, Disabled
07/10/2022 16:02:12.311, 07/10/2022 16:02:12.255, 1.93041e+0, 0.00000e+0, 4.11074e+2, 0.00000e+0, 1.25236e+4, 0.00000e+0, 1.95490e+0, 0.00000e+0, 4.16288e+2, 0.00000e+0, 4.96943e+2, 0.00000e+0, 2.28371e+1, 0.00000e+0, 2.81212e+1, 0.00000e+0, 3.99518e+0, 0.00000e+0, 3.35923e+0, 0.00000e+0, 1.65969e+0, 0.00000e+0, -5.53881e+0, 0.00000e+0, 4.25799e+0, 0.00000e+0, 1.24261e+2, 0.00000e+0, 2.00000e+1, 2.00000e+1, 3, -1, Disabled
07/10/2022 16:02:17.397, 07/10/2022 16:02:17.334, 1.93045e+0, 0.00000e+0, 4.11108e+2, 0.00000e+0, 1.25528e+4, 0.00000e+0, 1.95499e+0, 0.00000e+0, 4.16334e+2, 0.00000e+0, 4.96882e+2, 0.00000e+0, 2.28499e+1, 0.00000e+0, 2.81492e+1, 0.00000e+0, 3.99532e+0, 0.00000e+0, 3.35964e+0, 0.00000e+0, 1.65972e+0, 0.00000e+0, -5.53881e+0, 0.00000e+0, 4.25780e+0, 0.00000e+0, 1.24229e+2, 0.00000e+0, 2.00000e+1, 2.00000e+1, 3, -1, Disabled
07/10/2022 16:02:22.474, 07/10/2022 16:02:22.414, 1.93044e+0, 0.00000e+0, 4.11193e+2, 0.00000e+0, 1.25171e+4, 0.00000e+0, 1.95491e+0, 0.00000e+0, 4.16405e+2, 0.00000e+0, 4.96887e+2, 0.00000e+0, 2.28655e+1, 0.00000e+0, 2.81788e+1, 0.00000e+0, 3.99560e+0, 0.00000e+0, 3.35963e+0, 0.00000e+0, 1.65976e+0, 0.00000e+0, -5.53881e+0, 0.00000e+0, 4.25793e+0, 0.00000e+0, 1.24251e+2, 0.00000e+0, 2.00000e+1, 2.00000e+1, 3, -1, Disabled
07/10/2022 16:02:27.557, 07/10/2022 16:02:27.499, 1.93054e+0, 0.00000e+0, 4.11312e+2, 0.00000e+0, 1.25890e+4, 0.00000e+0, 1.95515e+0, 0.00000e+0, 4.16556e+2, 0.00000e+0, 4.97013e+2, 0.00000e+0, 2.28842e+1, 0.00000e+0, 2.82086e+1, 0.00000e+0, 3.99520e+0, 0.00000e+0, 3.35956e+0, 0.00000e+0, 1.65978e+0, 0.00000e+0, -5.53881e+0, 0.00000e+0, 4.25795e+0, 0.00000e+0, 1.24255e+2, 0.00000e+0, 2.00000e+1, 2.00000e+1, 3, -1, Disabled
07/10/2022 16:02:32.637, 07/10/2022 16:02:32.579, 1.93033e+0, 0.00000e+0, 4.11471e+2, 0.00000e+0, 1.26823e+4, 0.00000e+0, 1.95512e+0, 0.00000e+0, 4.16756e+2, 0.00000e+0, 4.96939e+2, 0.00000e+0, 2.29022e+1, 0.00000e+0, 2.82361e+1, 0.00000e+0, 3.99566e+0, 0.00000e+0, 3.35956e+0, 0.00000e+0, 1.65980e+0, 0.00000e+0, -5.53881e+0, 0.00000e+0, 4.25798e+0, 0.00000e+0, 1.24259e+2, 0.00000e+0, 2.00000e+1, 2.00000e+1, 3, -1, Disabled
07/10/2022 16:02:37.715, 07/10/2022 16:02:37.659, 1.93055e+0, 0.00000e+0, 4.11508e+2, 0.00000e+0, 1.27131e+4, 0.00000e+0, 1.95541e+0, 0.00000e+0, 4.16807e+2, 0.00000e+0, 4.97056e+2, 0.00000e+0, 2.29206e+1, 0.00000e+0, 2.82557e+1, 0.00000e+0, 3.99551e+0, 0.00000e+0, 3.35932e+0, 0.00000e+0, 1.65983e+0, 0.00000e+0, -5.53881e+0, 0.00000e+0, 4.25832e+0, 0.00000e+0, 1.24314e+2, 0.00000e+0, 2.00000e+1, 2.00000e+1, 3, -1, Disabled
07/10/2022 16:02:42.802, 07/10/2022 16:02:42.738, 1.93006e+0, 0.00000e+0, 4.11528e+2, 0.00000e+0, 1.28065e+4, 0.00000e+0, 1.95510e+0, 0.00000e+0, 4.16866e+2, 0.00000e+0, 4.96950e+2, 0.00000e+0, 2.29437e+1, 0.00000e+0, 2.82806e+1, 0.00000e+0, 3.99581e+0, 0.00000e+0, 3.35936e+0, 0.00000e+0, 1.65985e+0, 0.00000e+0, -5.53881e+0, 0.00000e+0, 4.25799e+0, 0.00000e+0, 1.24261e+2, 0.00000e+0, 2.00000e+1, 2.00000e+1, 3, -1, Disabled
07/10/2022 16:02:47.878, 07/10/2022 16:02:47.817, 1.93082e+0, 0.00000e+0, 4.11556e+2, 0.00000e+0, 1.27906e+4, 0.00000e+0, 1.95584e+0, 0.00000e+0, 4.16888e+2, 0.00000e+0, 4.96902e+2, 0.00000e+0, 2.29614e+1, 0.00000e+0, 2.83135e+1, 0.00000e+0, 3.99549e+0, 0.00000e+0, 3.35932e+0, 0.00000e+0, 1.65988e+0, 0.00000e+0, -5.53881e+0, 0.00000e+0, 4.25825e+0, 0.00000e+0, 1.24304e+2, 0.00000e+0, 2.00000e+1, 2.00000e+1, 3, -1, Disabled
07/10/2022 16:02:52.955, 07/10/2022 16:02:52.897, 1.93111e+0, 0.00000e+0, 4.11778e+2, 0.00000e+0, 1.27670e+4, 0.00000e+0, 1.95609e+0, 0.00000e+0, 4.17104e+2, 0.00000e+0, 4.96885e+2, 0.00000e+0, 2.29829e+1, 0.00000e+0, 2.83350e+1, 0.00000e+0, 3.99552e+0, 0.00000e+0, 3.35917e+0, 0.00000e+0, 1.65991e+0, 0.00000e+0, -5.53881e+0, 0.00000e+0, 4.25803e+0, 0.00000e+0, 1.24267e+2, 0.00000e+0, 2.00000e+1, 2.00000e+1, 3, -1, Disabled
07/10/2022 16:02:58.031, 07/10/2022 16:02:57.976, 1.93302e+0, 0.00000e+0, 4.12350e+2, 0.00000e+0, 1.28147e+4, 0.00000e+0, 1.95811e+0, 0.00000e+0, 4.17703e+2, 0.00000e+0, 4.96904e+2, 0.00000e+0, 2.30079e+1, 0.00000e+0, 2.83615e+1, 0.00000e+0, 3.99513e+0, 0.00000e+0, 3.35931e+0, 0.00000e+0, 1.65994e+0, 0.00000e+0, -5.53881e+0, 0.00000e+0, 4.25827e+0, 0.00000e+0, 1.24307e+2, 0.00000e+0, 2.00000e+1, 2.00000e+1, 3, -1, Disabled
07/10/2022 16:03:03.129, 07/10/2022 16:03:03.056, 1.93591e+0, 0.00000e+0, 4.13454e+2, 0.00000e+0, 1.27772e+4, 0.00000e+0, 1.96097e+0, 0.00000e+0, 4.18806e+2, 0.00000e+0, 4.96895e+2, 0.00000e+0, 2.30333e+1, 0.00000e+0, 2.83858e+1, 0.00000e+0, 3.99536e+0, 0.00000e+0, 3.35897e+0, 0.00000e+0, 1.65997e+0, 0.00000e+0, -5.53880e+0, 0.00000e+0, 4.25809e+0, 0.00000e+0, 1.24277e+2, 0.00000e+0, 2.00000e+1, 2.00000e+1, 3, -1, Disabled
07/10/2022 16:03:08.196, 07/10/2022 16:03:08.135, 1.93320e+0, 0.00000e+0, 4.12480e+2, 0.00000e+0, 1.28540e+4, 0.00000e+0, 1.95838e+0, 0.00000e+0, 4.17851e+2, 0.00000e+0, 4.96972e+2, 0.00000e+0, 2.30546e+1, 0.00000e+0, 2.84111e+1, 0.00000e+0, 3.99558e+0, 0.00000e+0, 3.35928e+0, 0.00000e+0, 1.66000e+0, 0.00000e+0, -5.53879e+0, 0.00000e+0, 4.25840e+0, 0.00000e+0, 1.24329e+2, 0.00000e+0, 2.00000e+1, 2.00000e+1, 3, -1, Disabled
07/10/2022 16:03:13.271, 07/10/2022 16:03:13.216, 1.93251e+0, 0.00000e+0, 4.12355e+2, 0.00000e+0, 1.28257e+4, 0.00000e+0, 1.95762e+0, 0.00000e+0, 4.17713e+2, 0.00000e+0, 4.96822e+2, 0.00000e+0, 2.30739e+1, 0.00000e+0, 2.84361e+1, 0.00000e+0, 3.99497e+0, 0.00000e+0, 3.35874e+0, 0.00000e+0, 1.66003e+0, 0.00000e+0, -5.53877e+0, 0.00000e+0, 4.25818e+0, 0.00000e+0, 1.24291e+2, 0.00000e+0, 2.00000e+1, 2.00000e+1, 3, -1, Disabled
07/10/2022 16:03:18.359, 07/10/2022 16:03:18.294, 1.93250e+0, 0.00000e+0, 4.12181e+2, 0.00000e+0, 1.27629e+4, 0.00000e+0, 1.95748e+0, 0.00000e+0, 4.17509e+2, 0.00000e+0, 4.96910e+2, 0.00000e+0, 2.30919e+1, 0.00000e+0, 2.84661e+1, 0.00000e+0, 3.99521e+0, 0.00000e+0, 3.35947e+0, 0.00000e+0, 1.66007e+0, 0.00000e+0, -5.53876e+0, 0.00000e+0, 4.25832e+0, 0.00000e+0, 1.24315e+2, 0.00000e+0, 2.00000e+1, 2.00000e+1, 3, -1, Disabled
07/10/2022 16:03:23.434, 07/10/2022 16:03:23.373, 1.93205e+0, 0.00000e+0, 4.12126e+2, 0.00000e+0, 1.27025e+4, 0.00000e+0, 1.95691e+0, 0.00000e+0, 4.17429e+2, 0.00000e+0, 4.96977e+2, 0.00000e+0, 2.31100e+1, 0.00000e+0, 2.84909e+1, 0.00000e+0, 3.99528e+0, 0.00000e+0, 3.35928e+0, 0.00000e+0, 1.66008e+0, 0.00000e+0, -5.53875e+0, 0.00000e+0, 4.25840e+0, 0.00000e+0, 1.24328e+2, 0.00000e+0, 2.00000e+1, 2.00000e+1, 3, -1, Disabled
07/10/2022 16:03:28.514, 07/10/2022 16:03:28.454, 1.93196e+0, 0.00000e+0, 4.12164e+2, 0.00000e+0, 1.26241e+4, 0.00000e+0, 1.95666e+0, 0.00000e+0, 4.17434e+2, 0.00000e+0, 4.96857e+2, 0.00000e+0, 2.31266e+1, 0.00000e+0, 2.85194e+1, 0.00000e+0, 3.99534e+0, 0.00000e+0, 3.35896e+0, 0.00000e+0, 1.66010e+0, 0.00000e+0, -5.53874e+0, 0.00000e+0, 4.25812e+0, 0.00000e+0, 1.24282e+2, 0.00000e+0, 2.00000e+1, 2.00000e+1, 3, -1, Disabled
07/10/2022 16:03:33.598, 07/10/2022 16:03:33.533, 1.93151e+0, 0.00000e+0, 4.12049e+2, 0.00000e+0, 1.25460e+4, 0.00000e+0, 1.95605e+0, 0.00000e+0, 4.17284e+2, 0.00000e+0, 4.96970e+2, 0.00000e+0, 2.31447e+1, 0.00000e+0, 2.85476e+1, 0.00000e+0, 3.99568e+0, 0.00000e+0, 3.35930e+0, 0.00000e+0, 1.66012e+0, 0.00000e+0, -5.53872e+0, 0.00000e+0, 4.25843e+0, 0.00000e+0, 1.24333e+2, 0.00000e+0, 2.00000e+1, 2.00000e+1, 3, -1, Disabled
07/10/2022 16:03:38.672, 07/10/2022 16:03:38.613, 1.93252e+0, 0.00000e+0, 4.12114e+2, 0.00000e+0, 1.24211e+4, 0.00000e+0, 1.95682e+0, 0.00000e+0, 4.17297e+2, 0.00000e+0, 4.96861e+2, 0.00000e+0, 2.31602e+1, 0.00000e+0, 2.85738e+1, 0.00000e+0, 3.99584e+0, 0.00000e+0, 3.35916e+0, 0.00000e+0, 1.66015e+0, 0.00000e+0, -5.53871e+0, 0.00000e+0, 4.25822e+0, 0.00000e+0, 1.24298e+2, 0.00000e+0, 2.00000e+1, 2.00000e+1, 3, -1, Disabled
07/10/2022 16:03:43.751, 07/10/2022 16:03:43.691, 1.93227e+0, 0.00000e+0, 4.11996e+2, 0.00000e+0, 1.25056e+4, 0.00000e+0, 1.95674e+0, 0.00000e+0, 4.17214e+2, 0.00000e+0, 4.96996e+2, 0.00000e+0, 2.31768e+1, 0.00000e+0, 2.85965e+1, 0.00000e+0, 3.99475e+0, 0.00000e+0, 3.35921e+0, 0.00000e+0, 1.66017e+0, 0.00000e+0, -5.53869e+0, 0.00000e+0, 4.25868e+0, 0.00000e+0, 1.24374e+2, 0.00000e+0, 2.00000e+1, 2.00000e+1, 3, -1, Disabled
07/10/2022 16:03:48.828, 07/10/2022 16:03:48.771, 1.93192e+0, 0.00000e+0, 4.11868e+2, 0.00000e+0, 1.26352e+4, 0.00000e+0, 1.95665e+0, 0.00000e+0, 4.17139e+2, 0.00000e+0, 4.96947e+2, 0.00000e+0, 2.31974e+1, 0.00000e+0, 2.86154e+1, 0.00000e+0, 3.99534e+0, 0.00000e+0, 3.35915e+0, 0.00000e+0, 1.66019e+0, 0.00000e+0, -5.53868e+0, 0.00000e+0, 4.25853e+0, 0.00000e+0, 1.24349e+2, 0.00000e+0, 2.00000e+1, 2.00000e+1, 3, -1, Disabled
07/10/2022 16:03:53.909, 07/10/2022 16:03:53.850, 1.93192e+0, 0.00000e+0, 4.11863e+2, 0.00000e+0, 1.26805e+4, 0.00000e+0, 1.95673e+0, 0.00000e+0, 4.17153e+2, 0.00000e+0, 4.96980e+2, 0.00000e+0, 2.32152e+1, 0.00000e+0, 2.86351e+1, 0.00000e+0, 3.99531e+0, 0.00000e+0, 3.35901e+0, 0.00000e+0, 1.66022e+0, 0.00000e+0, -5.53867e+0, 0.00000e+0, 4.25887e+0, 0.00000e+0, 1.24405e+2, 0.00000e+0, 2.00000e+1, 2.00000e+1, 3, -1, Disabled
07/10/2022 16:03:58.992, 07/10/2022 16:03:58.930, 1.93199e+0, 0.00000e+0, 4.11908e+2, 0.00000e+0, 1.27624e+4, 0.00000e+0, 1.95696e+0, 0.00000e+0, 4.17233e+2, 0.00000e+0, 4.96947e+2, 0.00000e+0, 2.32330e+1, 0.00000e+0, 2.86578e+1, 0.00000e+0, 3.99529e+0, 0.00000e+0, 3.35916e+0, 0.00000e+0, 1.66024e+0, 0.00000e+0, -5.53865e+0, 0.00000e+0, 4.25845e+0, 0.00000e+0, 1.24337e+2, 0.00000e+0, 2.00000e+1, 2.00000e+1, 3, -1, Disabled
07/10/2022 16:04:04.068, 07/10/2022 16:04:04.010, 1.93167e+0, 0.00000e+0, 4.11947e+2, 0.00000e+0, 1.27147e+4, 0.00000e+0, 1.95654e+0, 0.00000e+0, 4.17252e+2, 0.00000e+0, 4.96817e+2, 0.00000e+0, 2.32538e+1, 0.00000e+0, 2.86743e+1, 0.00000e+0, 3.99542e+0, 0.00000e+0, 3.35899e+0, 0.00000e+0, 1.66027e+0, 0.00000e+0, -5.53864e+0, 0.00000e+0, 4.25875e+0, 0.00000e+0, 1.24386e+2, 0.00000e+0, 2.00000e+1, 2.00000e+1, 3, -1, Disabled
07/10/2022 16:04:09.155, 07/10/2022 16:04:09.089, 1.93285e+0, 0.00000e+0, 4.11825e+2, 0.00000e+0, 1.27038e+4, 0.00000e+0, 1.95772e+0, 0.00000e+0, 4.17124e+2, 0.00000e+0, 4.96811e+2, 0.00000e+0, 2.32690e+1, 0.00000e+0, 2.86983e+1, 0.00000e+0, 3.99485e+0, 0.00000e+0, 3.35891e+0, 0.00000e+0, 1.66030e+0, 0.00000e+0, -5.53862e+0, 0.00000e+0, 4.25866e+0, 0.00000e+0, 1.24371e+2, 0.00000e+0, 2.00000e+1, 2.00000e+1, 3, -1, Disabled
07/10/2022 16:04:14.231, 07/10/2022 16:04:14.168, 1.93287e+0, 0.00000e+0, 4.11722e+2, 0.00000e+0, 1.28044e+4, 0.00000e+0, 1.95794e+0, 0.00000e+0, 4.17062e+2, 0.00000e+0, 4.96797e+2, 0.00000e+0, 2.32848e+1, 0.00000e+0, 2.87229e+1, 0.00000e+0, 3.99511e+0, 0.00000e+0, 3.35907e+0, 0.00000e+0, 1.66032e+0, 0.00000e+0, -5.53860e+0, 0.00000e+0, 4.25854e+0, 0.00000e+0, 1.24351e+2, 0.00000e+0, 2.00000e+1, 2.00000e+1, 3, -1, Disabled
07/10/2022 16:04:19.307, 07/10/2022 16:04:19.247, 1.93223e+0, 0.00000e+0, 4.11696e+2, 0.00000e+0, 1.28778e+4, 0.00000e+0, 1.95743e+0, 0.00000e+0, 4.17067e+2, 0.00000e+0, 4.96956e+2, 0.00000e+0, 2.33007e+1, 0.00000e+0, 2.87507e+1, 0.00000e+0, 3.99493e+0, 0.00000e+0, 3.35896e+0, 0.00000e+0, 1.66035e+0, 0.00000e+0, -5.53859e+0, 0.00000e+0, 4.25893e+0, 0.00000e+0, 1.24415e+2, 0.00000e+0, 2.00000e+1, 2.00000e+1, 3, -1, Disabled
07/10/2022 16:04:24.386, 07/10/2022 16:04:24.327, 1.93204e+0, 0.00000e+0, 4.11886e+2, 0.00000e+0, 1.26763e+4, 0.00000e+0, 1.95684e+0, 0.00000e+0, 4.17174e+2, 0.00000e+0, 4.97061e+2, 0.00000e+0, 2.33163e+1, 0.00000e+0, 2.87845e+1, 0.00000e+0, 3.99516e+0, 0.00000e+0, 3.35884e+0, 0.00000e+0, 1.66037e+0, 0.00000e+0, -5.53857e+0, 0.00000e+0, 4.25872e+0, 0.00000e+0, 1.24380e+2, 0.00000e+0, 2.00000e+1, 2.00000e+1, 3, -1, Disabled
07/10/2022 16:04:29.467, 07/10/2022 16:04:29.407, 1.93200e+0, 0.00000e+0, 4.11881e+2, 0.00000e+0, 1.26312e+4, 0.00000e+0, 1.95671e+0, 0.00000e+0, 4.17150e+2, 0.00000e+0, 4.97032e+2, 0.00000e+0, 2.33330e+1, 0.00000e+0, 2.88070e+1, 0.00000e+0, 3.99519e+0, 0.00000e+0, 3.35904e+0, 0.00000e+0, 1.66038e+0, 0.00000e+0, -5.53855e+0, 0.00000e+0, 4.25902e+0, 0.00000e+0, 1.24430e+2, 0.00000e+0, 2.00000e+1, 2.00000e+1, 3, -1, Disabled
07/10/2022 16:04:34.551, 07/10/2022 16:04:34.487, 1.93230e+0, 0.00000e+0, 4.12074e+2, 0.00000e+0, 1.24217e+4, 0.00000e+0, 1.95660e+0, 0.00000e+0, 4.17257e+2, 0.00000e+0, 4.96960e+2, 0.00000e+0, 2.33487e+1, 0.00000e+0, 2.88244e+1, 0.00000e+0, 3.99536e+0, 0.00000e+0, 3.35913e+0, 0.00000e+0, 1.66040e+0, 0.00000e+0, -5.53853e+0, 0.00000e+0, 4.25872e+0, 0.00000e+0, 1.24380e+2, 0.00000e+0, 2.00000e+1, 2.00000e+1, 3, -1, Disabled
07/10/2022 16:04:39.626, 07/10/2022 16:04:39.566, 1.93285e+0, 0.00000e+0, 4.12064e+2, 0.00000e+0, 1.23943e+4, 0.00000e+0, 1.95711e+0, 0.00000e+0, 4.17235e+2, 0.00000e+0, 4.97004e+2, 0.00000e+0, 2.33616e+1, 0.00000e+0, 2.88485e+1, 0.00000e+0, 3.99504e+0, 0.00000e+0, 3.35894e+0, 0.00000e+0, 1.66042e+0, 0.00000e+0, -5.53851e+0, 0.00000e+0, 4.25902e+0, 0.00000e+0, 1.24429e+2, 0.00000e+0, 2.00000e+1, 2.00000e+1, 3, -1, Disabled
07/10/2022 16:04:44.698, 07/10/2022 16:04:44.645, 1.93301e+0, 0.00000e+0, 4.12282e+2, 0.00000e+0, 1.21791e+4, 0.00000e+0, 1.95684e+0, 0.00000e+0, 4.17366e+2, 0.00000e+0, 4.96911e+2, 0.00000e+0, 2.33735e+1, 0.00000e+0, 2.88795e+1, 0.00000e+0, 3.99557e+0, 0.00000e+0, 3.35881e+0, 0.00000e+0, 1.66044e+0, 0.00000e+0, -5.53851e+0, 0.00000e+0, 4.25875e+0, 0.00000e+0, 1.24385e+2, 0.00000e+0, 2.00000e+1, 2.00000e+1, 3, -1, Disabled
07/10/2022 16:04:49.784, 07/10/2022 16:04:49.725, 1.93260e+0, 0.00000e+0, 4.12109e+2, 0.00000e+0, 1.22109e+4, 0.00000e+0, 1.95649e+0, 0.00000e+0, 4.17204e+2, 0.00000e+0, 4.97047e+2, 0.00000e+0, 2.33854e+1, 0.00000e+0, 2.88967e+1, 0.00000e+0, 3.99523e+0, 0.00000e+0, 3.35868e+0, 0.00000e+0, 1.66046e+0, 0.00000e+0, -5.53851e+0, 0.00000e+0, 4.25901e+0, 0.00000e+0, 1.24428e+2, 0.00000e+0, 2.00000e+1, 2.00000e+1, 3, -1, Disabled
07/10/2022 16:04:54.856, 07/10/2022 16:04:54.805, 1.93199e+0, 0.00000e+0, 4.11872e+2, 0.00000e+0, 1.24252e+4, 0.00000e+0, 1.95629e+0, 0.00000e+0, 4.17054e+2, 0.00000e+0, 4.97083e+2, 0.00000e+0, 2.33950e+1, 0.00000e+0, 2.89212e+1, 0.00000e+0, 3.99534e+0, 0.00000e+0, 3.35870e+0, 0.00000e+0, 1.66048e+0, 0.00000e+0, -5.53851e+0, 0.00000e+0, 4.25876e+0, 0.00000e+0, 1.24387e+2, 0.00000e+0, 2.00000e+1, 2.00000e+1, 3, -1, Disabled
07/10/2022 16:04:59.940, 07/10/2022 16:04:59.884, 1.93154e+0, 0.00000e+0, 4.11653e+2, 0.00000e+0, 1.26213e+4, 0.00000e+0, 1.95623e+0, 0.00000e+0, 4.16915e+2, 0.00000e+0, 4.97158e+2, 0.00000e+0, 2.34090e+1, 0.00000e+0, 2.89493e+1, 0.00000e+0, 3.99512e+0, 0.00000e+0, 3.35874e+0, 0.00000e+0, 1.66051e+0, 0.00000e+0, -5.53851e+0, 0.00000e+0, 4.25877e+0, 0.00000e+0, 1.24389e+2, 0.00000e+0, 2.00000e+1, 2.00000e+1, 3, -1, Disabled
07/10/2022 16:05:05.024, 07/10/2022 16:05:04.963, 1.93091e+0, 0.00000e+0, 4.11386e+2, 0.00000e+0, 1.27738e+4, 0.00000e+0, 1.95590e+0, 0.00000e+0, 4.16709e+2, 0.00000e+0, 4.97293e+2, 0.00000e+0, 2.34246e+1, 0.00000e+0, 2.89757e+1, 0.00000e+0, 3.99525e+0, 0.00000e+0, 3.35893e+0, 0.00000e+0, 1.66053e+0, 0.00000e+0, -5.53851e+0, 0.00000e+0, 4.25910e+0, 0.00000e+0, 1.24442e+2, 0.00000e+0, 2.00000e+1, 2.00000e+1, 3, -1, Disabled
07/10/2022 16:05:10.094, 07/10/2022 16:05:10.042, 1.93190e+0, 0.00000e+0, 4.11407e+2, 0.00000e+0, 1.24826e+4, 0.00000e+0, 1.95632e+0, 0.00000e+0, 4.16607e+2, 0.00000e+0, 4.97129e+2, 0.00000e+0, 2.34416e+1, 0.00000e+0, 2.90024e+1, 0.00000e+0, 3.99494e+0, 0.00000e+0, 3.35897e+0, 0.00000e+0, 1.66055e+0, 0.00000e+0, -5.53851e+0, 0.00000e+0, 4.25898e+0, 0.00000e+0, 1.24423e+2, 0.00000e+0, 2.00000e+1, 2.00000e+1, 3, -1, Disabled
07/10/2022 16:05:15.177, 07/10/2022 16:05:15.123, 1.93185e+0, 0.00000e+0, 4.11443e+2, 0.00000e+0, 1.22833e+4, 0.00000e+0, 1.95587e+0, 0.00000e+0, 4.16560e+2, 0.00000e+0, 4.97250e+2, 0.00000e+0, 2.34599e+1, 0.00000e+0, 2.90290e+1, 0.00000e+0, 3.99540e+0, 0.00000e+0, 3.35888e+0, 0.00000e+0, 1.66058e+0, 0.00000e+0, -5.53851e+0, 0.00000e+0, 4.25922e+0, 0.00000e+0, 1.24462e+2, 0.00000e+0, 2.00000e+1, 2.00000e+1, 3, -1, Disabled
07/10/2022 16:05:20.262, 07/10/2022 16:05:20.201, 1.93215e+0, 0.00000e+0, 4.11458e+2, 0.00000e+0, 1.21815e+4, 0.00000e+0, 1.95598e+0, 0.00000e+0, 4.16532e+2, 0.00000e+0, 4.97101e+2, 0.00000e+0, 2.34784e+1, 0.00000e+0, 2.90515e+1, 0.00000e+0, 3.99534e+0, 0.00000e+0, 3.35910e+0, 0.00000e+0, 1.66061e+0, 0.00000e+0, -5.53851e+0, 0.00000e+0, 4.25904e+0, 0.00000e+0, 1.24432e+2, 0.00000e+0, 2.00000e+1, 2.00000e+1, 3, -1, Disabled
07/10/2022 16:05:25.343, 07/10/2022 16:05:25.281, 1.93193e+0, 0.00000e+0, 4.11413e+2, 0.00000e+0, 1.22154e+4, 0.00000e+0, 1.95583e+0, 0.00000e+0, 4.16501e+2, 0.00000e+0, 4.97147e+2, 0.00000e+0, 2.34972e+1, 0.00000e+0, 2.90772e+1, 0.00000e+0, 3.99531e+0, 0.00000e+0, 3.35908e+0, 0.00000e+0, 1.66063e+0, 0.00000e+0, -5.53851e+0, 0.00000e+0, 4.25922e+0, 0.00000e+0, 1.24462e+2, 0.00000e+0, 2.00000e+1, 2.00000e+1, 3, -1, Disabled
07/10/2022 16:05:30.422, 07/10/2022 16:05:30.360, 1.93238e+0, 0.00000e+0, 4.11333e+2, 0.00000e+0, 1.22869e+4, 0.00000e+0, 1.95641e+0, 0.00000e+0, 4.16450e+2, 0.00000e+0, 4.97074e+2, 0.00000e+0, 2.35181e+1, 0.00000e+0, 2.91047e+1, 0.00000e+0, 3.99492e+0, 0.00000e+0, 3.35886e+0, 0.00000e+0, 1.66066e+0, 0.00000e+0, -5.53851e+0, 0.00000e+0, 4.25905e+0, 0.00000e+0, 1.24435e+2, 0.00000e+0, 2.00000e+1, 2.00000e+1, 3, -1, Disabled
07/10/2022 16:05:35.500, 07/10/2022 16:05:35.440, 1.93212e+0, 0.00000e+0, 4.11480e+2, 0.00000e+0, 1.22098e+4, 0.00000e+0, 1.95600e+0, 0.00000e+0, 4.16566e+2, 0.00000e+0, 4.97098e+2, 0.00000e+0, 2.35401e+1, 0.00000e+0, 2.91313e+1, 0.00000e+0, 3.99521e+0, 0.00000e+0, 3.35887e+0, 0.00000e+0, 1.66067e+0, 0.00000e+0, -5.53851e+0, 0.00000e+0, 4.25916e+0, 0.00000e+0, 1.24453e+2, 0.00000e+0, 2.00000e+1, 2.00000e+1, 3, -1, Disabled
07/10/2022 16:05:40.573, 07/10/2022 16:05:40.519, 1.93285e+0, 0.00000e+0, 4.11577e+2, 0.00000e+0, 1.21541e+4, 0.00000e+0, 1.95663e+0, 0.00000e+0, 4.16641e+2, 0.00000e+0, 4.97078e+2, 0.00000e+0, 2.35636e+1, 0.00000e+0, 2.91580e+1, 0.00000e+0, 3.99517e+0, 0.00000e+0, 3.35876e+0, 0.00000e+0, 1.66069e+0, 0.00000e+0, -5.53851e+0, 0.00000e+0, 4.25910e+0, 0.00000e+0, 1.24443e+2, 0.00000e+0, 2.00000e+1, 2.00000e+1, 3, -1, Disabled
07/10/2022 16:05:45.658, 07/10/2022 16:05:45.598, 1.93261e+0, 0.00000e+0, 4.11473e+2, 0.00000e+0, 1.22533e+4, 0.00000e+0, 1.95658e+0, 0.00000e+0, 4.16578e+2, 0.00000e+0, 4.97027e+2, 0.00000e+0, 2.35867e+1, 0.00000e+0, 2.91872e+1, 0.00000e+0, 3.99551e+0, 0.00000e+0, 3.35867e+0, 0.00000e+0, 1.66070e+0, 0.00000e+0, -5.53851e+0, 0.00000e+0, 4.25917e+0, 0.00000e+0, 1.24455e+2, 0.00000e+0, 2.00000e+1, 2.00000e+1, 3, -1, Disabled
07/10/2022 16:05:50.735, 07/10/2022 16:05:50.678, 1.93241e+0, 0.00000e+0, 4.11190e+2, 0.00000e+0, 1.23804e+4, 0.00000e+0, 1.95664e+0, 0.00000e+0, 4.16345e+2, 0.00000e+0, 4.97178e+2, 0.00000e+0, 2.36105e+1, 0.00000e+0, 2.92139e+1, 0.00000e+0, 3.99514e+0, 0.00000e+0, 3.35890e+0, 0.00000e+0, 1.66072e+0, 0.00000e+0, -5.53851e+0, 0.00000e+0, 4.25941e+0, 0.00000e+0, 1.24493e+2, 0.00000e+0, 2.00000e+1, 2.00000e+1, 3, -1, Disabled
07/10/2022 16:05:55.836, 07/10/2022 16:05:55.758, 1.93207e+0, 0.00000e+0, 4.10934e+2, 0.00000e+0, 1.25126e+4, 0.00000e+0, 1.95655e+0, 0.00000e+0, 4.16141e+2, 0.00000e+0, 4.97302e+2, 0.00000e+0, 2.36321e+1, 0.00000e+0, 2.92349e+1, 0.00000e+0, 3.99528e+0, 0.00000e+0, 3.35891e+0, 0.00000e+0, 1.66073e+0, 0.00000e+0, -5.53851e+0, 0.00000e+0, 4.25930e+0, 0.00000e+0, 1.24476e+2, 0.00000e+0, 2.00000e+1, 2.00000e+1, 3, -1, Disabled
07/10/2022 16:06:00.899, 07/10/2022 16:06:00.837, 1.93200e+0, 0.00000e+0, 4.10873e+2, 0.00000e+0, 1.26780e+4, 0.00000e+0, 1.95681e+0, 0.00000e+0, 4.16149e+2, 0.00000e+0, 4.97204e+2, 0.00000e+0, 2.36482e+1, 0.00000e+0, 2.92524e+1, 0.00000e+0, 3.99551e+0, 0.00000e+0, 3.35868e+0, 0.00000e+0, 1.66075e+0, 0.00000e+0, -5.53851e+0, 0.00000e+0, 4.25946e+0, 0.00000e+0, 1.24501e+2, 0.00000e+0, 2.00000e+1, 2.00000e+1, 3, -1, Disabled
07/10/2022 16:06:05.986, 07/10/2022 16:06:05.916, 1.93193e+0, 0.00000e+0, 4.10731e+2, 0.00000e+0, 1.28262e+4, 0.00000e+0, 1.95703e+0, 0.00000e+0, 4.16068e+2, 0.00000e+0, 4.97132e+2, 0.00000e+0, 2.36678e+1, 0.00000e+0, 2.92728e+1, 0.00000e+0, 3.99539e+0, 0.00000e+0, 3.35871e+0, 0.00000e+0, 1.66077e+0, 0.00000e+0, -5.53851e+0, 0.00000e+0, 4.25920e+0, 0.00000e+0, 1.24459e+2, 0.00000e+0, 2.00000e+1, 2.00000e+1, 3, -1, Disabled
07/10/2022 16:06:11.049, 07/10/2022 16:06:10.997, 1.93171e+0, 0.00000e+0, 4.10828e+2, 0.00000e+0, 1.28503e+4, 0.00000e+0, 1.95685e+0, 0.00000e+0, 4.16176e+2, 0.00000e+0, 4.97198e+2, 0.00000e+0, 2.36825e+1, 0.00000e+0, 2.92900e+1, 0.00000e+0, 3.99528e+0, 0.00000e+0, 3.35857e+0, 0.00000e+0, 1.66078e+0, 0.00000e+0, -5.53851e+0, 0.00000e+0, 4.25954e+0, 0.00000e+0, 1.24514e+2, 0.00000e+0, 2.00000e+1, 2.00000e+1, 3, -1, Disabled
