VC:2f90039 BD:Oct  1 2014 SN:LGR-15-0016
                     Time,      [CH4]_ppm,   [CH4]_ppm_sd,     [CH4L]_ppm,  [CH4L]_ppm_sd,     [CH4H]_ppm,  [CH4H]_ppm_sd,      [H2O]_ppm,   [H2O]_ppm_sd,      [CO2]_ppm,   [CO2]_ppm_sd,     [CH4]d_ppm,  [CH4]d_ppm_sd,     [CO2]d_ppm,  [CO2]d_ppm_sd,      GasP_torr,   GasP_torr_sd,         GasT_C,      GasT_C_sd,         AmbT_C,      AmbT_C_sd,         RD0_us,      RD0_us_sd,         RD1_us,      RD1_us_sd,       Fit_Flag,      MIU_VALVE,       MIU_DESC
  08/21/2018 12:10:44.605,    1.91179e+00,    0.00000e+00,    1.91179e+00,    0.00000e+00,   -1.00000e-02,    0.00000e+00,    2.89169e+04,    0.00000e+00,    4.15829e+02,    0.00000e+00,    1.96872e+00,    0.00000e+00,    4.28212e+02,    0.00000e+00,    1.40000e+02,    0.00000e+00,    3.03924e+01,    0.00000e+00,    3.30505e+01,    0.00000e+00,    9.00292e+00,    0.00000e+00,    9.04355e+00,    0.00000e+00,              3,              0,       1 meters
  08/21/2018 12:10:45.582,    1.91024e+00,    0.00000e+00,    1.91024e+00,    0.00000e+00,   -1.00000e-02,    0.00000e+00,    2.89612e+04,    0.00000e+00,    4.14464e+02,    0.00000e+00,    1.96721e+00,    0.00000e+00,    4.26825e+02,    0.00000e+00,    1.39967e+02,    0.00000e+00,    3.03923e+01,    0.00000e+00,    3.30560e+01,    0.00000e+00,    9.01636e+00,    0.00000e+00,    9.04478e+00,    0.00000e+00,              3,              0,       1 meters
  08/21/2018 12:10:46.558,    1.91932e+00,    0.00000e+00,    1.91932e+00,    0.00000e+00,   -1.00000e-02,    0.00000e+00,    2.90119e+04,    0.00000e+00,    4.13861e+02,    0.00000e+00,    1.97666e+00,    0.00000e+00,    4.26226e+02,    0.00000e+00,    1.39998e+02,    0.00000e+00,    3.03930e+01,    0.00000e+00,    3.30556e+01,    0.00000e+00,    9.01188e+00,    0.00000e+00,    9.04531e+00,    0.00000e+00,              3,              0,       1 meters
  08/21/2018 12:10:47.535,    1.91648e+00,    0.00000e+00,    1.91648e+00,    0.00000e+00,   -1.00000e-02,    0.00000e+00,    2.90674e+04,    0.00000e+00,    4.13919e+02,    0.00000e+00,    1.97386e+00,    0.00000e+00,    4.26311e+02,    0.00000e+00,    1.39971e+02,    0.00000e+00,    3.03935e+01,    0.00000e+00,    3.30604e+01,    0.00000e+00,    9.01665e+00,    0.00000e+00,    9.04987e+00,    0.00000e+00,              3,              0,       1 meters
  08/21/2018 12:10:48.511,    1.90953e+00,    0.00000e+00,    1.90953e+00,    0.00000e+00,   -1.00000e-02,    0.00000e+00,    2.88551e+04,    0.00000e+00,    4.14330e+02,    0.00000e+00,    1.96627e+00,    0.00000e+00,    4.26641e+02,    0.00000e+00,    1.39989e+02,    0.00000e+00,    3.03942e+01,    0.00000e+00,    3.30615e+01,    0.00000e+00,    9.01579e+00,    0.00000e+00,    9.04556e+00,    0.00000e+00,              3,              0,       1 meters
  08/21/2018 12:10:49.488,    1.91021e+00,    0.00000e+00,    1.91021e+00,    0.00000e+00,   -1.00000e-02,    0.00000e+00,    2.88509e+04,    0.00000e+00,    4.14134e+02,    0.00000e+00,    1.96696e+00,    0.00000e+00,    4.26437e+02,    0.00000e+00,    1.39982e+02,    0.00000e+00,    3.03948e+01,    0.00000e+00,    3.30629e+01,    0.00000e+00,    9.01750e+00,    0.00000e+00,    9.05211e+00,    0.00000e+00,              3,              0,       1 meters
  08/21/2018 12:10:50.466,    1.91589e+00,    0.00000e+00,    1.91589e+00,    0.00000e+00,   -1.00000e-02,    0.00000e+00,    2.89780e+04,    0.00000e+00,    4.13564e+02,    0.00000e+00,    1.97307e+00,    0.00000e+00,    4.25905e+02,    0.00000e+00,    1.39990e+02,    0.00000e+00,    3.03948e+01,    0.00000e+00,    3.30642e+01,    0.00000e+00,    9.01310e+00,    0.00000e+00,    9.05298e+00,    0.00000e+00,              3,              0,       1 meters
  08/21/2018 12:10:51.442,    1.91759e+00,    0.00000e+00,    1.91759e+00,    0.00000e+00,   -1.00000e-02,    0.00000e+00,    2.89051e+04,    0.00000e+00,    4.14643e+02,    0.00000e+00,    1.97467e+00,    0.00000e+00,    4.26985e+02,    0.00000e+00,    1.40015e+02,    0.00000e+00,    3.03954e+01,    0.00000e+00,    3.30649e+01,    0.00000e+00,    9.01009e+00,    0.00000e+00,    9.04552e+00,    0.00000e+00,              3,              0,       1 meters
  08/21/2018 12:10:52.419,    1.91685e+00,    0.00000e+00,    1.91685e+00,    0.00000e+00,   -1.00000e-02,    0.00000e+00,    2.89575e+04,    0.00000e+00,    4.14843e+02,    0.00000e+00,    1.97401e+00,    0.00000e+00,    4.27214e+02,    0.00000e+00,    1.39982e+02,    0.00000e+00,    3.03956e+01,    0.00000e+00,    3.30713e+01,    0.00000e+00,    9.01378e+00,    0.00000e+00,    9.04306e+00,    0.00000e+00,              3,              0,       1 meters
  08/21/2018 12:10:53.396,    1.91760e+00,    0.00000e+00,    1.91760e+00,    0.00000e+00,   -1.00000e-02,    0.00000e+00,    2.89446e+04,    0.00000e+00,    4.14643e+02,    0.00000e+00,    1.97476e+00,    0.00000e+00,    4.27003e+02,    0.00000e+00,    1.40021e+02,    0.00000e+00,    3.03941e+01,    0.00000e+00,    3.30661e+01,    0.00000e+00,    9.00870e+00,    0.00000e+00,    9.04557e+00,    0.00000e+00,              3,              0,       1 meters
  08/21/2018 12:10:54.372,    1.91851e+00,    0.00000e+00,    1.91851e+00,    0.00000e+00,   -1.00000e-02,    0.00000e+00,    2.88701e+04,    0.00000e+00,    4.13693e+02,    0.00000e+00,    1.97555e+00,    0.00000e+00,    4.25991e+02,    0.00000e+00,    1.39968e+02,    0.00000e+00,    3.03949e+01,    0.00000e+00,    3.30715e+01,    0.00000e+00,    9.01091e+00,    0.00000e+00,    9.04843e+00,    0.00000e+00,              3,              0,       1 meters
  08/21/2018 12:10:55.349,    1.91975e+00,    0.00000e+00,    1.91975e+00,    0.00000e+00,   -1.00000e-02,    0.00000e+00,    2.89162e+04,    0.00000e+00,    4.13815e+02,    0.00000e+00,    1.97691e+00,    0.00000e+00,    4.26137e+02,    0.00000e+00,    1.39996e+02,    0.00000e+00,    3.03982e+01,    0.00000e+00,    3.30709e+01,    0.00000e+00,    9.01509e+00,    0.00000e+00,    9.04684e+00,    0.00000e+00,              3,              0,       1 meters
  08/21/2018 12:10:56.326,    1.91917e+00,    0.00000e+00,    1.91917e+00,    0.00000e+00,   -1.00000e-02,    0.00000e+00,    2.89433e+04,    0.00000e+00,    4.13629e+02,    0.00000e+00,    1.97637e+00,    0.00000e+00,    4.25957e+02,    0.00000e+00,    1.39973e+02,    0.00000e+00,    3.03970e+01,    0.00000e+00,    3.30747e+01,    0.00000e+00,    9.00797e+00,    0.00000e+00,    9.04933e+00,    0.00000e+00,              3,              0,       1 meters
  08/21/2018 12:10:57.303,    1.91381e+00,    0.00000e+00,    1.91381e+00,    0.00000e+00,   -1.00000e-02,    0.00000e+00,    2.87772e+04,    0.00000e+00,    4.14489e+02,    0.00000e+00,    1.97051e+00,    0.00000e+00,    4.26771e+02,    0.00000e+00,    1.39996e+02,    0.00000e+00,    3.03978e+01,    0.00000e+00,    3.30744e+01,    0.00000e+00,    9.01461e+00,    0.00000e+00,    9.04639e+00,    0.00000e+00,              3,              0,       1 meters
  08/21/2018 12:10:58.279,    1.91631e+00,    0.00000e+00,    1.91631e+00,    0.00000e+00,   -1.00000e-02,    0.00000e+00,    2.87650e+04,    0.00000e+00,    4.14770e+02,    0.00000e+00,    1.97306e+00,    0.00000e+00,    4.27054e+02,    0.00000e+00,    1.39985e+02,    0.00000e+00,    3.03981e+01,    0.00000e+00,    3.30754e+01,    0.00000e+00,    9.01375e+00,    0.00000e+00,    9.04352e+00,    0.00000e+00,              3,              0,       1 meters
  08/21/2018 12:10:59.256,    1.91383e+00,    0.00000e+00,    1.91383e+00,    0.00000e+00,   -1.00000e-02,    0.00000e+00,    2.88245e+04,    0.00000e+00,    4.15258e+02,    0.00000e+00,    1.97064e+00,    0.00000e+00,    4.27583e+02,    0.00000e+00,    1.40002e+02,    0.00000e+00,    3.03982e+01,    0.00000e+00,    3.30763e+01,    0.00000e+00,    9.01598e+00,    0.00000e+00,    9.04784e+00,    0.00000e+00,              3,              0,       1 meters
  08/21/2018 12:11:00.233,    1.92501e+00,    0.00000e+00,    1.92501e+00,    0.00000e+00,   -1.00000e-02,    0.00000e+00,    2.90836e+04,    0.00000e+00,    4.13204e+02,    0.00000e+00,    1.98267e+00,    0.00000e+00,    4.25581e+02,    0.00000e+00,    1.39987e+02,    0.00000e+00,    3.03987e+01,    0.00000e+00,    3.30783e+01,    0.00000e+00,    9.01528e+00,    0.00000e+00,    9.05403e+00,    0.00000e+00,              3,              0,       1 meters
  08/21/2018 12:11:01.210,    1.91839e+00,    0.00000e+00,    1.91839e+00,    0.00000e+00,   -1.00000e-02,    0.00000e+00,    2.88080e+04,    0.00000e+00,    4.12934e+02,    0.00000e+00,    1.97530e+00,    0.00000e+00,    4.25182e+02,    0.00000e+00,    1.39987e+02,    0.00000e+00,    3.03989e+01,    0.00000e+00,    3.30813e+01,    0.00000e+00,    9.01633e+00,    0.00000e+00,    9.05805e+00,    0.00000e+00,              3,              0,       1 meters
  08/21/2018 12:11:02.188,    1.92094e+00,    0.00000e+00,    1.92094e+00,    0.00000e+00,   -1.00000e-02,    0.00000e+00,    2.88923e+04,    0.00000e+00,    4.14791e+02,    0.00000e+00,    1.97809e+00,    0.00000e+00,    4.27132e+02,    0.00000e+00,    1.40011e+02,    0.00000e+00,    3.03989e+01,    0.00000e+00,    3.30785e+01,    0.00000e+00,    9.01360e+00,    0.00000e+00,    9.04401e+00,    0.00000e+00,              3,              0,       1 meters
  08/21/2018 12:11:03.164,    1.92083e+00,    0.00000e+00,    1.92083e+00,    0.00000e+00,   -1.00000e-02,    0.00000e+00,    2.88393e+04,    0.00000e+00,    4.13114e+02,    0.00000e+00,    1.97787e+00,    0.00000e+00,    4.25382e+02,    0.00000e+00,    1.39982e+02,    0.00000e+00,    3.03996e+01,    0.00000e+00,    3.30842e+01,    0.00000e+00,    9.01582e+00,    0.00000e+00,    9.05872e+00,    0.00000e+00,              3,              0,       1 meters
  08/21/2018 12:11:04.141,    1.91959e+00,    0.00000e+00,    1.91959e+00,    0.00000e+00,   -1.00000e-02,    0.00000e+00,    2.86380e+04,    0.00000e+00,    4.14327e+02,    0.00000e+00,    1.97619e+00,    0.00000e+00,    4.26543e+02,    0.00000e+00,    1.39997e+02,    0.00000e+00,    3.03980e+01,    0.00000e+00,    3.30851e+01,    0.00000e+00,    9.01587e+00,    0.00000e+00,    9.05135e+00,    0.00000e+00,              3,              0,       1 meters
  08/21/2018 12:11:05.118,    1.92116e+00,    0.00000e+00,    1.92116e+00,    0.00000e+00,   -1.00000e-02,    0.00000e+00,    2.87215e+04,    0.00000e+00,    4.13848e+02,    0.00000e+00,    1.97797e+00,    0.00000e+00,    4.26086e+02,    0.00000e+00,    1.39966e+02,    0.00000e+00,    3.03999e+01,    0.00000e+00,    3.30908e+01,    0.00000e+00,    9.01811e+00,    0.00000e+00,    9.05586e+00,    0.00000e+00,              3,              0,       1 meters
  08/21/2018 12:11:06.095,    1.92271e+00,    0.00000e+00,    1.92271e+00,    0.00000e+00,   -1.00000e-02,    0.00000e+00,    2.88285e+04,    0.00000e+00,    4.14712e+02,    0.00000e+00,    1.97979e+00,    0.00000e+00,    4.27022e+02,    0.00000e+00,    1.39999e+02,    0.00000e+00,    3.04003e+01,    0.00000e+00,    3.30895e+01,    0.00000e+00,    9.01468e+00,    0.00000e+00,    9.04931e+00,    0.00000e+00,              3,              0,       1 meters
  08/21/2018 12:11:07.072,    1.93111e+00,    0.00000e+00,    1.93111e+00,    0.00000e+00,   -1.00000e-02,    0.00000e+00,    2.88859e+04,    0.00000e+00,    4.13916e+02,    0.00000e+00,    1.98855e+00,    0.00000e+00,    4.26228e+02,    0.00000e+00,    1.39965e+02,    0.00000e+00,    3.04007e+01,    0.00000e+00,    3.30968e+01,    0.00000e+00,    9.01300e+00,    0.00000e+00,    9.04750e+00,    0.00000e+00,              3,              0,       1 meters
  08/21/2018 12:11:08.048,    1.93411e+00,    0.00000e+00,    1.93411e+00,    0.00000e+00,   -1.00000e-02,    0.00000e+00,    2.89538e+04,    0.00000e+00,    4.14307e+02,    0.00000e+00,    1.99178e+00,    0.00000e+00,    4.26660e+02,    0.00000e+00,    1.39997e+02,    0.00000e+00,    3.04011e+01,    0.00000e+00,    3.30942e+01,    0.00000e+00,    9.01602e+00,    0.00000e+00,    9.04370e+00,    0.00000e+00,              3,              0,       1 meters
  08/21/2018 12:11:09.025,    1.92937e+00,    0.00000e+00,    1.92937e+00,    0.00000e+00,   -1.00000e-02,    0.00000e+00,    2.87648e+04,    0.00000e+00,    4.11114e+02,    0.00000e+00,    1.98651e+00,    0.00000e+00,    4.23290e+02,    0.00000e+00,    1.39980e+02,    0.00000e+00,    3.04011e+01,    0.00000e+00,    3.30962e+01,    0.00000e+00,    9.02683e+00,    0.00000e+00,    9.07054e+00,    0.00000e+00,              3,              0,       1 meters
  08/21/2018 12:11:10.002,    1.93167e+00,    0.00000e+00,    1.93167e+00,    0.00000e+00,   -1.00000e-02,    0.00000e+00,    2.87839e+04,    0.00000e+00,    4.14503e+02,    0.00000e+00,    1.98892e+00,    0.00000e+00,    4.26788e+02,    0.00000e+00,    1.40004e+02,    0.00000e+00,    3.04015e+01,    0.00000e+00,    3.30993e+01,    0.00000e+00,    9.00846e+00,    0.00000e+00,    9.04629e+00,    0.00000e+00,              3,              0,       1 meters
  08/21/2018 12:11:10.979,    1.93135e+00,    0.00000e+00,    1.93135e+00,    0.00000e+00,   -1.00000e-02,    0.00000e+00,    2.87306e+04,    0.00000e+00,    4.13547e+02,    0.00000e+00,    1.98848e+00,    0.00000e+00,    4.25780e+02,    0.00000e+00,    1.40012e+02,    0.00000e+00,    3.04017e+01,    0.00000e+00,    3.30993e+01,    0.00000e+00,    9.01644e+00,    0.00000e+00,    9.05181e+00,    0.00000e+00,              3,              0,       1 meters
  08/21/2018 12:11:11.956,    1.92958e+00,    0.00000e+00,    1.92958e+00,    0.00000e+00,   -1.00000e-02,    0.00000e+00,    2.87094e+04,    0.00000e+00,    4.13862e+02,    0.00000e+00,    1.98661e+00,    0.00000e+00,    4.26095e+02,    0.00000e+00,    1.39981e+02,    0.00000e+00,    3.04025e+01,    0.00000e+00,    3.31009e+01,    0.00000e+00,    9.01322e+00,    0.00000e+00,    9.04686e+00,    0.00000e+00,              3,              0,       1 meters
  08/21/2018 12:11:12.933,    1.93184e+00,    0.00000e+00,    1.93184e+00,    0.00000e+00,   -1.00000e-02,    0.00000e+00,    2.87194e+04,    0.00000e+00,    4.14037e+02,    0.00000e+00,    1.98896e+00,    0.00000e+00,    4.26279e+02,    0.00000e+00,    1.40013e+02,    0.00000e+00,    3.04022e+01,    0.00000e+00,    3.30971e+01,    0.00000e+00,    9.01170e+00,    0.00000e+00,    9.05006e+00,    0.00000e+00,              3,              0,       1 meters
  08/21/2018 12:11:13.910,    1.93212e+00,    0.00000e+00,    1.93212e+00,    0.00000e+00,   -1.00000e-02,    0.00000e+00,    2.87278e+04,    0.00000e+00,    4.13178e+02,    0.00000e+00,    1.98926e+00,    0.00000e+00,    4.25399e+02,    0.00000e+00,    1.39984e+02,    0.00000e+00,    3.04032e+01,    0.00000e+00,    3.31034e+01,    0.00000e+00,    9.01529e+00,    0.00000e+00,    9.05500e+00,    0.00000e+00,              3,              0,       1 meters
  08/21/2018 12:11:14.887,    1.93221e+00,    0.00000e+00,    1.93221e+00,    0.00000e+00,   -1.00000e-02,    0.00000e+00,    2.86914e+04,    0.00000e+00,    4.13758e+02,    0.00000e+00,    1.98929e+00,    0.00000e+00,    4.25980e+02,    0.00000e+00,    1.39999e+02,    0.00000e+00,    3.04013e+01,    0.00000e+00,    3.31029e+01,    0.00000e+00,    9.01287e+00,    0.00000e+00,    9.05168e+00,    0.00000e+00,              3,              0,       1 meters
  08/21/2018 12:11:15.863,    1.92827e+00,    0.00000e+00,    1.92827e+00,    0.00000e+00,   -1.00000e-02,    0.00000e+00,    2.86263e+04,    0.00000e+00,    4.14241e+02,    0.00000e+00,    1.98510e+00,    0.00000e+00,    4.26449e+02,    0.00000e+00,    1.39959e+02,    0.00000e+00,    3.04032e+01,    0.00000e+00,    3.31086e+01,    0.00000e+00,    9.01792e+00,    0.00000e+00,    9.04485e+00,    0.00000e+00,              3,              0,       1 meters
  08/21/2018 12:11:16.840,    1.93007e+00,    0.00000e+00,    1.93007e+00,    0.00000e+00,   -1.00000e-02,    0.00000e+00,    2.85849e+04,    0.00000e+00,    4.13691e+02,    0.00000e+00,    1.98686e+00,    0.00000e+00,    4.25864e+02,    0.00000e+00,    1.40007e+02,    0.00000e+00,    3.04036e+01,    0.00000e+00,    3.31026e+01,    0.00000e+00,    9.01508e+00,    0.00000e+00,    9.04496e+00,    0.00000e+00,              3,              0,       1 meters
  08/21/2018 12:11:17.817,    1.93538e+00,    0.00000e+00,    1.93538e+00,    0.00000e+00,   -1.00000e-02,    0.00000e+00,    2.86799e+04,    0.00000e+00,    4.13579e+02,    0.00000e+00,    1.99253e+00,    0.00000e+00,    4.25790e+02,    0.00000e+00,    1.39996e+02,    0.00000e+00,    3.04033e+01,    0.00000e+00,    3.31067e+01,    0.00000e+00,    9.01901e+00,    0.00000e+00,    9.04936e+00,    0.00000e+00,              3,              0,       1 meters
  08/21/2018 12:11:18.794,    1.93597e+00,    0.00000e+00,    1.93597e+00,    0.00000e+00,   -1.00000e-02,    0.00000e+00,    2.87269e+04,    0.00000e+00,    4.12884e+02,    0.00000e+00,    1.99323e+00,    0.00000e+00,    4.25095e+02,    0.00000e+00,    1.40002e+02,    0.00000e+00,    3.04039e+01,    0.00000e+00,    3.31063e+01,    0.00000e+00,    9.01459e+00,    0.00000e+00,    9.05787e+00,    0.00000e+00,              3,              0,       1 meters
  08/21/2018 12:11:19.771,    1.93258e+00,    0.00000e+00,    1.93258e+00,    0.00000e+00,   -1.00000e-02,    0.00000e+00,    2.85892e+04,    0.00000e+00,    4.13998e+02,    0.00000e+00,    1.98946e+00,    0.00000e+00,    4.26182e+02,    0.00000e+00,    1.39960e+02,    0.00000e+00,    3.04045e+01,    0.00000e+00,    3.31140e+01,    0.00000e+00,    9.01132e+00,    0.00000e+00,    9.04773e+00,    0.00000e+00,              3,              0,       1 meters
  08/21/2018 12:11:20.748,    1.93585e+00,    0.00000e+00,    1.93585e+00,    0.00000e+00,   -1.00000e-02,    0.00000e+00,    2.87211e+04,    0.00000e+00,    4.12578e+02,    0.00000e+00,    1.99309e+00,    0.00000e+00,    4.24779e+02,    0.00000e+00,    1.39998e+02,    0.00000e+00,    3.04047e+01,    0.00000e+00,    3.31113e+01,    0.00000e+00,    9.01656e+00,    0.00000e+00,    9.05668e+00,    0.00000e+00,              3,              0,       1 meters
  08/21/2018 12:11:21.725,    1.93194e+00,    0.00000e+00,    1.93194e+00,    0.00000e+00,   -1.00000e-02,    0.00000e+00,    2.87219e+04,    0.00000e+00,    4.14312e+02,    0.00000e+00,    1.98907e+00,    0.00000e+00,    4.26564e+02,    0.00000e+00,    1.39969e+02,    0.00000e+00,    3.04050e+01,    0.00000e+00,    3.31185e+01,    0.00000e+00,    9.01732e+00,    0.00000e+00,    9.04555e+00,    0.00000e+00,              3,              0,       1 meters
  08/21/2018 12:11:22.702,    1.93501e+00,    0.00000e+00,    1.93501e+00,    0.00000e+00,   -1.00000e-02,    0.00000e+00,    2.86918e+04,    0.00000e+00,    4.13568e+02,    0.00000e+00,    1.99217e+00,    0.00000e+00,    4.25785e+02,    0.00000e+00,    1.40007e+02,    0.00000e+00,    3.04049e+01,    0.00000e+00,    3.31140e+01,    0.00000e+00,    9.01517e+00,    0.00000e+00,    9.04363e+00,    0.00000e+00,              3,              0,       1 meters
  08/21/2018 12:11:23.679,    1.93450e+00,    0.00000e+00,    1.93450e+00,    0.00000e+00,   -1.00000e-02,    0.00000e+00,    2.88221e+04,    0.00000e+00,    4.13059e+02,    0.00000e+00,    1.99191e+00,    0.00000e+00,    4.25318e+02,    0.00000e+00,    1.39959e+02,    0.00000e+00,    3.04050e+01,    0.00000e+00,    3.31216e+01,    0.00000e+00,    9.02217e+00,    0.00000e+00,    9.06338e+00,    0.00000e+00,              3,              0,       1 meters
  08/21/2018 12:11:24.655,    1.93736e+00,    0.00000e+00,    1.93736e+00,    0.00000e+00,   -1.00000e-02,    0.00000e+00,    2.87795e+04,    0.00000e+00,    4.13403e+02,    0.00000e+00,    1.99477e+00,    0.00000e+00,    4.25653e+02,    0.00000e+00,    1.40011e+02,    0.00000e+00,    3.04049e+01,    0.00000e+00,    3.31163e+01,    0.00000e+00,    9.01465e+00,    0.00000e+00,    9.05301e+00,    0.00000e+00,              3,              0,       1 meters
  08/21/2018 12:11:25.632,    1.93776e+00,    0.00000e+00,    1.93776e+00,    0.00000e+00,   -1.00000e-02,    0.00000e+00,    2.87255e+04,    0.00000e+00,    4.13583e+02,    0.00000e+00,    1.99507e+00,    0.00000e+00,    4.25815e+02,    0.00000e+00,    1.39944e+02,    0.00000e+00,    3.04041e+01,    0.00000e+00,    3.31271e+01,    0.00000e+00,    9.01989e+00,    0.00000e+00,    9.05509e+00,    0.00000e+00,              3,              0,       1 meters
  08/21/2018 12:11:26.609,    1.93809e+00,    0.00000e+00,    1.93809e+00,    0.00000e+00,   -1.00000e-02,    0.00000e+00,    2.85832e+04,    0.00000e+00,    4.13780e+02,    0.00000e+00,    1.99512e+00,    0.00000e+00,    4.25955e+02,    0.00000e+00,    1.40011e+02,    0.00000e+00,    3.04055e+01,    0.00000e+00,    3.31232e+01,    0.00000e+00,    9.01879e+00,    0.00000e+00,    9.04653e+00,    0.00000e+00,              3,              0,       1 meters
  08/21/2018 12:11:27.586,    1.93692e+00,    0.00000e+00,    1.93692e+00,    0.00000e+00,   -1.00000e-02,    0.00000e+00,    2.86689e+04,    0.00000e+00,    4.14289e+02,    0.00000e+00,    1.99409e+00,    0.00000e+00,    4.26517e+02,    0.00000e+00,    1.39955e+02,    0.00000e+00,    3.04060e+01,    0.00000e+00,    3.31284e+01,    0.00000e+00,    9.01374e+00,    0.00000e+00,    9.04933e+00,    0.00000e+00,              3,              0,       1 meters
  08/21/2018 12:11:28.563,    1.93793e+00,    0.00000e+00,    1.93793e+00,    0.00000e+00,   -1.00000e-02,    0.00000e+00,    2.86340e+04,    0.00000e+00,    4.13848e+02,    0.00000e+00,    1.99506e+00,    0.00000e+00,    4.26047e+02,    0.00000e+00,    1.39981e+02,    0.00000e+00,    3.04061e+01,    0.00000e+00,    3.31275e+01,    0.00000e+00,    9.01754e+00,    0.00000e+00,    9.04985e+00,    0.00000e+00,              3,              0,       1 meters
  08/21/2018 12:11:29.540,    1.93929e+00,    0.00000e+00,    1.93929e+00,    0.00000e+00,   -1.00000e-02,    0.00000e+00,    2.87182e+04,    0.00000e+00,    4.14347e+02,    0.00000e+00,    1.99663e+00,    0.00000e+00,    4.26598e+02,    0.00000e+00,    1.40006e+02,    0.00000e+00,    3.04063e+01,    0.00000e+00,    3.31303e+01,    0.00000e+00,    9.01573e+00,    0.00000e+00,    9.04794e+00,    0.00000e+00,              3,              0,       1 meters
  08/21/2018 12:11:30.517,    1.93789e+00,    0.00000e+00,    1.93789e+00,    0.00000e+00,   -1.00000e-02,    0.00000e+00,    2.86077e+04,    0.00000e+00,    4.12847e+02,    0.00000e+00,    1.99496e+00,    0.00000e+00,    4.25005e+02,    0.00000e+00,    1.39952e+02,    0.00000e+00,    3.04069e+01,    0.00000e+00,    3.31381e+01,    0.00000e+00,    9.01701e+00,    0.00000e+00,    9.05828e+00,    0.00000e+00,              3,              0,       1 meters
  08/21/2018 12:11:31.493,    1.93762e+00,    0.00000e+00,    1.93762e+00,    0.00000e+00,   -1.00000e-02,    0.00000e+00,    2.87291e+04,    0.00000e+00,    4.13766e+02,    0.00000e+00,    1.99493e+00,    0.00000e+00,    4.26004e+02,    0.00000e+00,    1.39992e+02,    0.00000e+00,    3.04066e+01,    0.00000e+00,    3.31360e+01,    0.00000e+00,    9.01461e+00,    0.00000e+00,    9.04654e+00,    0.00000e+00,              3,              0,       1 meters
  08/21/2018 12:11:32.470,    1.93719e+00,    0.00000e+00,    1.93719e+00,    0.00000e+00,   -1.00000e-02,    0.00000e+00,    2.86329e+04,    0.00000e+00,    4.15175e+02,    0.00000e+00,    1.99429e+00,    0.00000e+00,    4.27413e+02,    0.00000e+00,    1.39964e+02,    0.00000e+00,    3.04067e+01,    0.00000e+00,    3.31412e+01,    0.00000e+00,    9.01245e+00,    0.00000e+00,    9.04187e+00,    0.00000e+00,              3,              0,       1 meters
  08/21/2018 12:11:33.447,    1.93813e+00,    0.00000e+00,    1.93813e+00,    0.00000e+00,   -1.00000e-02,    0.00000e+00,    2.87558e+04,    0.00000e+00,    4.13803e+02,    0.00000e+00,    1.99551e+00,    0.00000e+00,    4.26054e+02,    0.00000e+00,    1.39957e+02,    0.00000e+00,    3.04074e+01,    0.00000e+00,    3.31440e+01,    0.00000e+00,    9.01390e+00,    0.00000e+00,    9.05287e+00,    0.00000e+00,              3,              0,       1 meters
  08/21/2018 12:11:34.424,    1.93427e+00,    0.00000e+00,    1.93427e+00,    0.00000e+00,   -1.00000e-02,    0.00000e+00,    2.87348e+04,    0.00000e+00,    4.14059e+02,    0.00000e+00,    1.99149e+00,    0.00000e+00,    4.26309e+02,    0.00000e+00,    1.39990e+02,    0.00000e+00,    3.04072e+01,    0.00000e+00,    3.31427e+01,    0.00000e+00,    9.01400e+00,    0.00000e+00,    9.04884e+00,    0.00000e+00,              3,              0,       1 meters
  08/21/2018 12:11:35.401,    1.93555e+00,    0.00000e+00,    1.93555e+00,    0.00000e+00,   -1.00000e-02,    0.00000e+00,    2.87145e+04,    0.00000e+00,    4.14704e+02,    0.00000e+00,    1.99277e+00,    0.00000e+00,    4.26964e+02,    0.00000e+00,    1.39949e+02,    0.00000e+00,    3.04068e+01,    0.00000e+00,    3.31492e+01,    0.00000e+00,    9.01478e+00,    0.00000e+00,    9.05010e+00,    0.00000e+00,              3,              0,       1 meters
  08/21/2018 12:11:36.378,    1.93551e+00,    0.00000e+00,    1.93551e+00,    0.00000e+00,   -1.00000e-02,    0.00000e+00,    2.87737e+04,    0.00000e+00,    4.14702e+02,    0.00000e+00,    1.99285e+00,    0.00000e+00,    4.26988e+02,    0.00000e+00,    1.39953e+02,    0.00000e+00,    3.04057e+01,    0.00000e+00,    3.31556e+01,    0.00000e+00,    9.01507e+00,    0.00000e+00,    9.04789e+00,    0.00000e+00,              3,              0,       1 meters
  08/21/2018 12:11:37.355,    1.94053e+00,    0.00000e+00,    1.94053e+00,    0.00000e+00,   -1.00000e-02,    0.00000e+00,    2.90184e+04,    0.00000e+00,    4.14672e+02,    0.00000e+00,    1.99853e+00,    0.00000e+00,    4.27065e+02,    0.00000e+00,    1.39962e+02,    0.00000e+00,    3.04078e+01,    0.00000e+00,    3.31579e+01,    0.00000e+00,    9.01423e+00,    0.00000e+00,    9.04794e+00,    0.00000e+00,              3,              0,       1 meters
  08/21/2018 12:11:38.332,    1.93480e+00,    0.00000e+00,    1.93480e+00,    0.00000e+00,   -1.00000e-02,    0.00000e+00,    2.88086e+04,    0.00000e+00,    4.14285e+02,    0.00000e+00,    1.99220e+00,    0.00000e+00,    4.26574e+02,    0.00000e+00,    1.40013e+02,    0.00000e+00,    3.04077e+01,    0.00000e+00,    3.31569e+01,    0.00000e+00,    9.01621e+00,    0.00000e+00,    9.04981e+00,    0.00000e+00,              3,              0,       1 meters
  08/21/2018 12:11:39.309,    1.93411e+00,    0.00000e+00,    1.93411e+00,    0.00000e+00,   -1.00000e-02,    0.00000e+00,    2.89326e+04,    0.00000e+00,    4.14943e+02,    0.00000e+00,    1.99174e+00,    0.00000e+00,    4.27306e+02,    0.00000e+00,    1.39952e+02,    0.00000e+00,    3.04085e+01,    0.00000e+00,    3.31648e+01,    0.00000e+00,    9.01512e+00,    0.00000e+00,    9.04946e+00,    0.00000e+00,              3,              0,       1 meters
  08/21/2018 12:11:40.286,    1.92883e+00,    0.00000e+00,    1.92883e+00,    0.00000e+00,   -1.00000e-02,    0.00000e+00,    2.87894e+04,    0.00000e+00,    4.16396e+02,    0.00000e+00,    1.98601e+00,    0.00000e+00,    4.28739e+02,    0.00000e+00,    1.39940e+02,    0.00000e+00,    3.04083e+01,    0.00000e+00,    3.31704e+01,    0.00000e+00,    9.01095e+00,    0.00000e+00,    9.04201e+00,    0.00000e+00,              3,              0,       1 meters
  08/21/2018 12:11:41.262,    1.93185e+00,    0.00000e+00,    1.93185e+00,    0.00000e+00,   -1.00000e-02,    0.00000e+00,    2.88055e+04,    0.00000e+00,    4.15570e+02,    0.00000e+00,    1.98915e+00,    0.00000e+00,    4.27895e+02,    0.00000e+00,    1.40015e+02,    0.00000e+00,    3.04090e+01,    0.00000e+00,    3.31643e+01,    0.00000e+00,    9.00842e+00,    0.00000e+00,    9.04317e+00,    0.00000e+00,              3,              0,       1 meters
  08/21/2018 12:11:42.239,    1.93028e+00,    0.00000e+00,    1.93028e+00,    0.00000e+00,   -1.00000e-02,    0.00000e+00,    2.88011e+04,    0.00000e+00,    4.15713e+02,    0.00000e+00,    1.98752e+00,    0.00000e+00,    4.28042e+02,    0.00000e+00,    1.39976e+02,    0.00000e+00,    3.04097e+01,    0.00000e+00,    3.31760e+01,    0.00000e+00,    9.00992e+00,    0.00000e+00,    9.04008e+00,    0.00000e+00,              3,              0,       1 meters
  08/21/2018 12:11:43.216,    1.92978e+00,    0.00000e+00,    1.92978e+00,    0.00000e+00,   -1.00000e-02,    0.00000e+00,    2.88273e+04,    0.00000e+00,    4.15110e+02,    0.00000e+00,    1.98706e+00,    0.00000e+00,    4.27432e+02,    0.00000e+00,    1.39962e+02,    0.00000e+00,    3.04100e+01,    0.00000e+00,    3.31777e+01,    0.00000e+00,    9.01667e+00,    0.00000e+00,    9.04721e+00,    0.00000e+00,              3,              0,       1 meters
  08/21/2018 12:11:44.193,    1.90543e+00,    0.00000e+00,    1.90543e+00,    0.00000e+00,   -1.00000e-02,    0.00000e+00,    2.84191e+04,    0.00000e+00,    4.18364e+02,    0.00000e+00,    1.96117e+00,    0.00000e+00,    4.30601e+02,    0.00000e+00,    1.40003e+02,    0.00000e+00,    3.04105e+01,    0.00000e+00,    3.31735e+01,    0.00000e+00,    9.00767e+00,    0.00000e+00,    9.03557e+00,    0.00000e+00,              3,              0,       1 meters
  08/21/2018 12:11:45.170,    1.93110e+00,    0.00000e+00,    1.93110e+00,    0.00000e+00,   -1.00000e-02,    0.00000e+00,    2.87933e+04,    0.00000e+00,    4.13644e+02,    0.00000e+00,    1.98835e+00,    0.00000e+00,    4.25907e+02,    0.00000e+00,    1.39969e+02,    0.00000e+00,    3.04107e+01,    0.00000e+00,    3.31796e+01,    0.00000e+00,    9.01917e+00,    0.00000e+00,    9.05862e+00,    0.00000e+00,              3,              0,       1 meters
  08/21/2018 12:11:46.147,    1.92309e+00,    0.00000e+00,    1.92309e+00,    0.00000e+00,   -1.00000e-02,    0.00000e+00,    2.87768e+04,    0.00000e+00,    4.19139e+02,    0.00000e+00,    1.98007e+00,    0.00000e+00,    4.31558e+02,    0.00000e+00,    1.39952e+02,    0.00000e+00,    3.04110e+01,    0.00000e+00,    3.31890e+01,    0.00000e+00,    9.00854e+00,    0.00000e+00,    9.03874e+00,    0.00000e+00,              3,              0,       1 meters
  08/21/2018 12:11:47.124,    1.92433e+00,    0.00000e+00,    1.92433e+00,    0.00000e+00,   -1.00000e-02,    0.00000e+00,    2.90498e+04,    0.00000e+00,    4.15879e+02,    0.00000e+00,    1.98190e+00,    0.00000e+00,    4.28322e+02,    0.00000e+00,    1.40002e+02,    0.00000e+00,    3.04129e+01,    0.00000e+00,    3.31886e+01,    0.00000e+00,    9.02017e+00,    0.00000e+00,    9.05430e+00,    0.00000e+00,              3,              0,       1 meters
  08/21/2018 12:11:48.100,    1.93107e+00,    0.00000e+00,    1.93107e+00,    0.00000e+00,   -1.00000e-02,    0.00000e+00,    2.88107e+04,    0.00000e+00,    4.17502e+02,    0.00000e+00,    1.98835e+00,    0.00000e+00,    4.29887e+02,    0.00000e+00,    1.39958e+02,    0.00000e+00,    3.04119e+01,    0.00000e+00,    3.31965e+01,    0.00000e+00,    9.02908e+00,    0.00000e+00,    9.07172e+00,    0.00000e+00,              3,              0,       1 meters
  08/21/2018 12:11:49.077,    1.92465e+00,    0.00000e+00,    1.92465e+00,    0.00000e+00,   -1.00000e-02,    0.00000e+00,    2.89344e+04,    0.00000e+00,    4.14660e+02,    0.00000e+00,    1.98200e+00,    0.00000e+00,    4.27015e+02,    0.00000e+00,    1.40009e+02,    0.00000e+00,    3.04120e+01,    0.00000e+00,    3.31941e+01,    0.00000e+00,    9.02233e+00,    0.00000e+00,    9.05823e+00,    0.00000e+00,              3,              0,       1 meters
  08/21/2018 12:11:50.054,    1.93429e+00,    0.00000e+00,    1.93429e+00,    0.00000e+00,   -1.00000e-02,    0.00000e+00,    2.87168e+04,    0.00000e+00,    4.13007e+02,    0.00000e+00,    1.99148e+00,    0.00000e+00,    4.25218e+02,    0.00000e+00,    1.39962e+02,    0.00000e+00,    3.04121e+01,    0.00000e+00,    3.31937e+01,    0.00000e+00,    9.01033e+00,    0.00000e+00,    9.04341e+00,    0.00000e+00,              3,              0,       1 meters
  08/21/2018 12:11:51.032,    1.91813e+00,    0.00000e+00,    1.91813e+00,    0.00000e+00,   -1.00000e-02,    0.00000e+00,    2.85739e+04,    0.00000e+00,    4.17781e+02,    0.00000e+00,    1.97455e+00,    0.00000e+00,    4.30070e+02,    0.00000e+00,    1.39928e+02,    0.00000e+00,    3.04127e+01,    0.00000e+00,    3.31975e+01,    0.00000e+00,    9.00432e+00,    0.00000e+00,    9.03338e+00,    0.00000e+00,              3,              0,       1 meters
  08/21/2018 12:11:52.008,    1.93105e+00,    0.00000e+00,    1.93105e+00,    0.00000e+00,   -1.00000e-02,    0.00000e+00,    2.87724e+04,    0.00000e+00,    4.15644e+02,    0.00000e+00,    1.98826e+00,    0.00000e+00,    4.27958e+02,    0.00000e+00,    1.39954e+02,    0.00000e+00,    3.04114e+01,    0.00000e+00,    3.32008e+01,    0.00000e+00,    9.01463e+00,    0.00000e+00,    9.05594e+00,    0.00000e+00,              3,              0,       1 meters
  08/21/2018 12:11:52.985,    1.92188e+00,    0.00000e+00,    1.92188e+00,    0.00000e+00,   -1.00000e-02,    0.00000e+00,    2.89272e+04,    0.00000e+00,    4.19778e+02,    0.00000e+00,    1.97913e+00,    0.00000e+00,    4.32283e+02,    0.00000e+00,    1.39997e+02,    0.00000e+00,    3.04122e+01,    0.00000e+00,    3.32035e+01,    0.00000e+00,    9.00436e+00,    0.00000e+00,    9.03430e+00,    0.00000e+00,              3,              0,       1 meters
  08/21/2018 12:11:53.962,    1.92747e+00,    0.00000e+00,    1.92747e+00,    0.00000e+00,   -1.00000e-02,    0.00000e+00,    2.90092e+04,    0.00000e+00,    4.17665e+02,    0.00000e+00,    1.98506e+00,    0.00000e+00,    4.30143e+02,    0.00000e+00,    1.39992e+02,    0.00000e+00,    3.04137e+01,    0.00000e+00,    3.32064e+01,    0.00000e+00,    9.01805e+00,    0.00000e+00,    9.04394e+00,    0.00000e+00,              3,              0,       1 meters
  08/21/2018 12:11:54.939,    1.92079e+00,    0.00000e+00,    1.92079e+00,    0.00000e+00,   -1.00000e-02,    0.00000e+00,    2.88113e+04,    0.00000e+00,    4.15485e+02,    0.00000e+00,    1.97777e+00,    0.00000e+00,    4.27811e+02,    0.00000e+00,    1.40026e+02,    0.00000e+00,    3.04130e+01,    0.00000e+00,    3.32055e+01,    0.00000e+00,    9.02626e+00,    0.00000e+00,    9.05705e+00,    0.00000e+00,              3,              0,       1 meters
  08/21/2018 12:11:55.916,    1.92719e+00,    0.00000e+00,    1.92719e+00,    0.00000e+00,   -1.00000e-02,    0.00000e+00,    2.89355e+04,    0.00000e+00,    4.16879e+02,    0.00000e+00,    1.98462e+00,    0.00000e+00,    4.29301e+02,    0.00000e+00,    1.40000e+02,    0.00000e+00,    3.04132e+01,    0.00000e+00,    3.32118e+01,    0.00000e+00,    9.01352e+00,    0.00000e+00,    9.04678e+00,    0.00000e+00,              3,              0,       1 meters
  08/21/2018 12:11:56.893,    1.92770e+00,    0.00000e+00,    1.92770e+00,    0.00000e+00,   -1.00000e-02,    0.00000e+00,    2.89112e+04,    0.00000e+00,    4.16053e+02,    0.00000e+00,    1.98509e+00,    0.00000e+00,    4.28439e+02,    0.00000e+00,    1.40002e+02,    0.00000e+00,    3.04135e+01,    0.00000e+00,    3.32104e+01,    0.00000e+00,    9.01473e+00,    0.00000e+00,    9.04011e+00,    0.00000e+00,              3,              0,       1 meters
  08/21/2018 12:11:57.869,    1.93597e+00,    0.00000e+00,    1.93597e+00,    0.00000e+00,   -1.00000e-02,    0.00000e+00,    2.92088e+04,    0.00000e+00,    4.16426e+02,    0.00000e+00,    1.99421e+00,    0.00000e+00,    4.28955e+02,    0.00000e+00,    1.40027e+02,    0.00000e+00,    3.04122e+01,    0.00000e+00,    3.32095e+01,    0.00000e+00,    9.01647e+00,    0.00000e+00,    9.04776e+00,    0.00000e+00,              3,              0,       1 meters
  08/21/2018 12:11:58.846,    1.93265e+00,    0.00000e+00,    1.93265e+00,    0.00000e+00,   -1.00000e-02,    0.00000e+00,    2.89458e+04,    0.00000e+00,    4.13854e+02,    0.00000e+00,    1.99026e+00,    0.00000e+00,    4.26191e+02,    0.00000e+00,    1.39991e+02,    0.00000e+00,    3.04139e+01,    0.00000e+00,    3.32113e+01,    0.00000e+00,    9.02256e+00,    0.00000e+00,    9.06189e+00,    0.00000e+00,              3,              0,       1 meters
  08/21/2018 12:11:59.823,    1.93316e+00,    0.00000e+00,    1.93316e+00,    0.00000e+00,   -1.00000e-02,    0.00000e+00,    2.90541e+04,    0.00000e+00,    4.14561e+02,    0.00000e+00,    1.99101e+00,    0.00000e+00,    4.26966e+02,    0.00000e+00,    1.40027e+02,    0.00000e+00,    3.04132e+01,    0.00000e+00,    3.32086e+01,    0.00000e+00,    9.02143e+00,    0.00000e+00,    9.06321e+00,    0.00000e+00,              3,              0,       1 meters
  08/21/2018 12:12:00.800,    1.93148e+00,    0.00000e+00,    1.93148e+00,    0.00000e+00,   -1.00000e-02,    0.00000e+00,    2.89279e+04,    0.00000e+00,    4.14622e+02,    0.00000e+00,    1.98901e+00,    0.00000e+00,    4.26973e+02,    0.00000e+00,    1.39956e+02,    0.00000e+00,    3.04136e+01,    0.00000e+00,    3.32108e+01,    0.00000e+00,    9.02266e+00,    0.00000e+00,    9.05932e+00,    0.00000e+00,              3,              0,       1 meters
  08/21/2018 12:12:01.777,    1.93695e+00,    0.00000e+00,    1.93695e+00,    0.00000e+00,   -1.00000e-02,    0.00000e+00,    2.89184e+04,    0.00000e+00,    4.16108e+02,    0.00000e+00,    1.99463e+00,    0.00000e+00,    4.28500e+02,    0.00000e+00,    1.40026e+02,    0.00000e+00,    3.04145e+01,    0.00000e+00,    3.32127e+01,    0.00000e+00,    9.00225e+00,    0.00000e+00,    9.04659e+00,    0.00000e+00,              3,              0,       1 meters
  08/21/2018 12:12:02.754,    1.93914e+00,    0.00000e+00,    1.93914e+00,    0.00000e+00,   -1.00000e-02,    0.00000e+00,    2.91665e+04,    0.00000e+00,    4.13548e+02,    0.00000e+00,    1.99739e+00,    0.00000e+00,    4.25973e+02,    0.00000e+00,    1.39970e+02,    0.00000e+00,    3.04142e+01,    0.00000e+00,    3.32148e+01,    0.00000e+00,    9.02273e+00,    0.00000e+00,    9.05889e+00,    0.00000e+00,              3,              0,       1 meters
  08/21/2018 12:12:03.731,    1.94307e+00,    0.00000e+00,    1.94307e+00,    0.00000e+00,   -1.00000e-02,    0.00000e+00,    2.90293e+04,    0.00000e+00,    4.15396e+02,    0.00000e+00,    2.00116e+00,    0.00000e+00,    4.27815e+02,    0.00000e+00,    1.40005e+02,    0.00000e+00,    3.04149e+01,    0.00000e+00,    3.32153e+01,    0.00000e+00,    9.00414e+00,    0.00000e+00,    9.04880e+00,    0.00000e+00,              3,              0,       1 meters
  08/21/2018 12:12:04.707,    1.94305e+00,    0.00000e+00,    1.94305e+00,    0.00000e+00,   -1.00000e-02,    0.00000e+00,    2.90745e+04,    0.00000e+00,    4.15717e+02,    0.00000e+00,    2.00123e+00,    0.00000e+00,    4.28165e+02,    0.00000e+00,    1.39987e+02,    0.00000e+00,    3.04146e+01,    0.00000e+00,    3.32196e+01,    0.00000e+00,    9.01025e+00,    0.00000e+00,    9.05429e+00,    0.00000e+00,              3,              0,       1 meters
  08/21/2018 12:12:05.684,    1.93603e+00,    0.00000e+00,    1.93603e+00,    0.00000e+00,   -1.00000e-02,    0.00000e+00,    2.90158e+04,    0.00000e+00,    4.15317e+02,    0.00000e+00,    1.99388e+00,    0.00000e+00,    4.27728e+02,    0.00000e+00,    1.40025e+02,    0.00000e+00,    3.04149e+01,    0.00000e+00,    3.32164e+01,    0.00000e+00,    9.01845e+00,    0.00000e+00,    9.05579e+00,    0.00000e+00,              3,              0,       1 meters
  08/21/2018 12:12:06.661,    1.94160e+00,    0.00000e+00,    1.94160e+00,    0.00000e+00,   -1.00000e-02,    0.00000e+00,    2.91153e+04,    0.00000e+00,    4.13637e+02,    0.00000e+00,    1.99983e+00,    0.00000e+00,    4.26042e+02,    0.00000e+00,    1.39970e+02,    0.00000e+00,    3.04163e+01,    0.00000e+00,    3.32236e+01,    0.00000e+00,    9.01835e+00,    0.00000e+00,    9.05191e+00,    0.00000e+00,              3,              0,       1 meters
  08/21/2018 12:12:07.638,    1.93793e+00,    0.00000e+00,    1.93793e+00,    0.00000e+00,   -1.00000e-02,    0.00000e+00,    2.90834e+04,    0.00000e+00,    4.14953e+02,    0.00000e+00,    1.99598e+00,    0.00000e+00,    4.27383e+02,    0.00000e+00,    1.40004e+02,    0.00000e+00,    3.04147e+01,    0.00000e+00,    3.32231e+01,    0.00000e+00,    9.01787e+00,    0.00000e+00,    9.04784e+00,    0.00000e+00,              3,              0,       1 meters
  08/21/2018 12:12:08.615,    1.93871e+00,    0.00000e+00,    1.93871e+00,    0.00000e+00,   -1.00000e-02,    0.00000e+00,    2.90146e+04,    0.00000e+00,    4.15262e+02,    0.00000e+00,    1.99664e+00,    0.00000e+00,    4.27671e+02,    0.00000e+00,    1.39997e+02,    0.00000e+00,    3.04150e+01,    0.00000e+00,    3.32273e+01,    0.00000e+00,    9.00992e+00,    0.00000e+00,    9.04207e+00,    0.00000e+00,              3,              0,       1 meters
  08/21/2018 12:12:09.592,    1.93353e+00,    0.00000e+00,    1.93353e+00,    0.00000e+00,   -1.00000e-02,    0.00000e+00,    2.90150e+04,    0.00000e+00,    4.15470e+02,    0.00000e+00,    1.99130e+00,    0.00000e+00,    4.27885e+02,    0.00000e+00,    1.39988e+02,    0.00000e+00,    3.04165e+01,    0.00000e+00,    3.32326e+01,    0.00000e+00,    9.01690e+00,    0.00000e+00,    9.04688e+00,    0.00000e+00,              3,              0,       1 meters
  08/21/2018 12:12:10.569,    1.93895e+00,    0.00000e+00,    1.93895e+00,    0.00000e+00,   -1.00000e-02,    0.00000e+00,    2.90456e+04,    0.00000e+00,    4.14435e+02,    0.00000e+00,    1.99696e+00,    0.00000e+00,    4.26833e+02,    0.00000e+00,    1.40021e+02,    0.00000e+00,    3.04166e+01,    0.00000e+00,    3.32288e+01,    0.00000e+00,    9.01941e+00,    0.00000e+00,    9.06050e+00,    0.00000e+00,              3,              0,       1 meters
  08/21/2018 12:12:11.546,    1.94250e+00,    0.00000e+00,    1.94250e+00,    0.00000e+00,   -1.00000e-02,    0.00000e+00,    2.92138e+04,    0.00000e+00,    4.15432e+02,    0.00000e+00,    2.00096e+00,    0.00000e+00,    4.27934e+02,    0.00000e+00,    1.39955e+02,    0.00000e+00,    3.04167e+01,    0.00000e+00,    3.32358e+01,    0.00000e+00,    9.01811e+00,    0.00000e+00,    9.04771e+00,    0.00000e+00,              3,              0,       1 meters
  08/21/2018 12:12:12.523,    1.94192e+00,    0.00000e+00,    1.94192e+00,    0.00000e+00,   -1.00000e-02,    0.00000e+00,    2.90766e+04,    0.00000e+00,    4.14332e+02,    0.00000e+00,    2.00008e+00,    0.00000e+00,    4.26740e+02,    0.00000e+00,    1.40003e+02,    0.00000e+00,    3.04163e+01,    0.00000e+00,    3.32339e+01,    0.00000e+00,    9.01805e+00,    0.00000e+00,    9.04874e+00,    0.00000e+00,              3,              0,       1 meters
  08/21/2018 12:12:13.499,    1.93984e+00,    0.00000e+00,    1.93984e+00,    0.00000e+00,   -1.00000e-02,    0.00000e+00,    2.89937e+04,    0.00000e+00,    4.15165e+02,    0.00000e+00,    1.99777e+00,    0.00000e+00,    4.27561e+02,    0.00000e+00,    1.39973e+02,    0.00000e+00,    3.04160e+01,    0.00000e+00,    3.32354e+01,    0.00000e+00,    9.01641e+00,    0.00000e+00,    9.04945e+00,    0.00000e+00,              3,              0,       1 meters
  08/21/2018 12:12:14.476,    1.94287e+00,    0.00000e+00,    1.94287e+00,    0.00000e+00,   -1.00000e-02,    0.00000e+00,    2.91007e+04,    0.00000e+00,    4.14711e+02,    0.00000e+00,    2.00110e+00,    0.00000e+00,    4.27141e+02,    0.00000e+00,    1.40000e+02,    0.00000e+00,    3.04167e+01,    0.00000e+00,    3.32404e+01,    0.00000e+00,    9.01315e+00,    0.00000e+00,    9.04911e+00,    0.00000e+00,              3,              0,       1 meters
  08/21/2018 12:12:15.453,    1.93826e+00,    0.00000e+00,    1.93826e+00,    0.00000e+00,   -1.00000e-02,    0.00000e+00,    2.89906e+04,    0.00000e+00,    4.15916e+02,    0.00000e+00,    1.99613e+00,    0.00000e+00,    4.28333e+02,    0.00000e+00,    1.39998e+02,    0.00000e+00,    3.04183e+01,    0.00000e+00,    3.32434e+01,    0.00000e+00,    9.00957e+00,    0.00000e+00,    9.04160e+00,    0.00000e+00,              3,              0,       1 meters
  08/21/2018 12:12:16.430,    1.93638e+00,    0.00000e+00,    1.93638e+00,    0.00000e+00,   -1.00000e-02,    0.00000e+00,    2.90148e+04,    0.00000e+00,    4.15832e+02,    0.00000e+00,    1.99425e+00,    0.00000e+00,    4.28258e+02,    0.00000e+00,    1.39956e+02,    0.00000e+00,    3.04178e+01,    0.00000e+00,    3.32448e+01,    0.00000e+00,    9.01428e+00,    0.00000e+00,    9.04650e+00,    0.00000e+00,              3,              0,       1 meters
  08/21/2018 12:12:17.407,    1.93985e+00,    0.00000e+00,    1.93985e+00,    0.00000e+00,   -1.00000e-02,    0.00000e+00,    2.92108e+04,    0.00000e+00,    4.15271e+02,    0.00000e+00,    1.99822e+00,    0.00000e+00,    4.27767e+02,    0.00000e+00,    1.40019e+02,    0.00000e+00,    3.04173e+01,    0.00000e+00,    3.32443e+01,    0.00000e+00,    9.02076e+00,    0.00000e+00,    9.04614e+00,    0.00000e+00,              3,              0,       1 meters
  08/21/2018 12:12:18.384,    1.93777e+00,    0.00000e+00,    1.93777e+00,    0.00000e+00,   -1.00000e-02,    0.00000e+00,    2.90551e+04,    0.00000e+00,    4.16494e+02,    0.00000e+00,    1.99576e+00,    0.00000e+00,    4.28957e+02,    0.00000e+00,    1.39997e+02,    0.00000e+00,    3.04168e+01,    0.00000e+00,    3.32526e+01,    0.00000e+00,    9.00162e+00,    0.00000e+00,    9.03950e+00,    0.00000e+00,              3,              0,       1 meters
  08/21/2018 12:12:19.361,    1.93241e+00,    0.00000e+00,    1.93241e+00,    0.00000e+00,   -1.00000e-02,    0.00000e+00,    2.89106e+04,    0.00000e+00,    4.14936e+02,    0.00000e+00,    1.98994e+00,    0.00000e+00,    4.27289e+02,    0.00000e+00,    1.39985e+02,    0.00000e+00,    3.04167e+01,    0.00000e+00,    3.32508e+01,    0.00000e+00,    9.02106e+00,    0.00000e+00,    9.04680e+00,    0.00000e+00,              3,              0,       1 meters
  08/21/2018 12:12:20.338,    1.93570e+00,    0.00000e+00,    1.93570e+00,    0.00000e+00,   -1.00000e-02,    0.00000e+00,    2.90061e+04,    0.00000e+00,    4.15768e+02,    0.00000e+00,    1.99353e+00,    0.00000e+00,    4.28188e+02,    0.00000e+00,    1.39993e+02,    0.00000e+00,    3.04171e+01,    0.00000e+00,    3.32530e+01,    0.00000e+00,    9.01192e+00,    0.00000e+00,    9.04676e+00,    0.00000e+00,              3,              0,       1 meters
  08/21/2018 12:12:21.315,    1.93321e+00,    0.00000e+00,    1.93321e+00,    0.00000e+00,   -1.00000e-02,    0.00000e+00,    2.89668e+04,    0.00000e+00,    4.15779e+02,    0.00000e+00,    1.99088e+00,    0.00000e+00,    4.28182e+02,    0.00000e+00,    1.39992e+02,    0.00000e+00,    3.04174e+01,    0.00000e+00,    3.32576e+01,    0.00000e+00,    9.00973e+00,    0.00000e+00,    9.04844e+00,    0.00000e+00,              3,              0,       1 meters
  08/21/2018 12:12:22.291,    1.93250e+00,    0.00000e+00,    1.93250e+00,    0.00000e+00,   -1.00000e-02,    0.00000e+00,    2.90475e+04,    0.00000e+00,    4.14727e+02,    0.00000e+00,    1.99031e+00,    0.00000e+00,    4.27134e+02,    0.00000e+00,    1.40026e+02,    0.00000e+00,    3.04175e+01,    0.00000e+00,    3.32576e+01,    0.00000e+00,    9.02167e+00,    0.00000e+00,    9.05642e+00,    0.00000e+00,              3,              0,       1 meters
  08/21/2018 12:12:23.268,    1.93106e+00,    0.00000e+00,    1.93106e+00,    0.00000e+00,   -1.00000e-02,    0.00000e+00,    2.89295e+04,    0.00000e+00,    4.14640e+02,    0.00000e+00,    1.98859e+00,    0.00000e+00,    4.26993e+02,    0.00000e+00,    1.39982e+02,    0.00000e+00,    3.04176e+01,    0.00000e+00,    3.32618e+01,    0.00000e+00,    9.01490e+00,    0.00000e+00,    9.05699e+00,    0.00000e+00,              3,              0,       1 meters
  08/21/2018 12:12:24.245,    1.93564e+00,    0.00000e+00,    1.93564e+00,    0.00000e+00,   -1.00000e-02,    0.00000e+00,    2.91174e+04,    0.00000e+00,    4.13653e+02,    0.00000e+00,    1.99369e+00,    0.00000e+00,    4.26059e+02,    0.00000e+00,    1.39999e+02,    0.00000e+00,    3.04194e+01,    0.00000e+00,    3.32613e+01,    0.00000e+00,    9.02063e+00,    0.00000e+00,    9.05652e+00,    0.00000e+00,              3,              0,       1 meters
  08/21/2018 12:12:25.224,    1.93209e+00,    0.00000e+00,    1.93209e+00,    0.00000e+00,   -1.00000e-02,    0.00000e+00,    2.89700e+04,    0.00000e+00,    4.15478e+02,    0.00000e+00,    1.98974e+00,    0.00000e+00,    4.27874e+02,    0.00000e+00,    1.39961e+02,    0.00000e+00,    3.04173e+01,    0.00000e+00,    3.32603e+01,    0.00000e+00,    9.01175e+00,    0.00000e+00,    9.04859e+00,    0.00000e+00,              3,              0,       1 meters
  08/21/2018 12:12:26.200,    1.93047e+00,    0.00000e+00,    1.93047e+00,    0.00000e+00,   -1.00000e-02,    0.00000e+00,    2.89011e+04,    0.00000e+00,    4.14807e+02,    0.00000e+00,    1.98793e+00,    0.00000e+00,    4.27153e+02,    0.00000e+00,    1.39979e+02,    0.00000e+00,    3.04168e+01,    0.00000e+00,    3.32685e+01,    0.00000e+00,    9.02052e+00,    0.00000e+00,    9.05044e+00,    0.00000e+00,              3,              0,       1 meters
  08/21/2018 12:12:27.177,    1.93430e+00,    0.00000e+00,    1.93430e+00,    0.00000e+00,   -1.00000e-02,    0.00000e+00,    2.89830e+04,    0.00000e+00,    4.15027e+02,    0.00000e+00,    1.99203e+00,    0.00000e+00,    4.27415e+02,    0.00000e+00,    1.39996e+02,    0.00000e+00,    3.04169e+01,    0.00000e+00,    3.32615e+01,    0.00000e+00,    9.00640e+00,    0.00000e+00,    9.04825e+00,    0.00000e+00,              3,              0,       1 meters
  08/21/2018 12:12:28.154,    1.92814e+00,    0.00000e+00,    1.92814e+00,    0.00000e+00,   -1.00000e-02,    0.00000e+00,    2.89365e+04,    0.00000e+00,    4.14183e+02,    0.00000e+00,    1.98559e+00,    0.00000e+00,    4.26525e+02,    0.00000e+00,    1.39958e+02,    0.00000e+00,    3.04170e+01,    0.00000e+00,    3.32677e+01,    0.00000e+00,    9.01840e+00,    0.00000e+00,    9.05529e+00,    0.00000e+00,              3,              0,       1 meters
  08/21/2018 12:12:29.130,    1.92091e+00,    0.00000e+00,    1.92091e+00,    0.00000e+00,   -1.00000e-02,    0.00000e+00,    2.88460e+04,    0.00000e+00,    4.15443e+02,    0.00000e+00,    1.97797e+00,    0.00000e+00,    4.27783e+02,    0.00000e+00,    1.40001e+02,    0.00000e+00,    3.04169e+01,    0.00000e+00,    3.32627e+01,    0.00000e+00,    9.01823e+00,    0.00000e+00,    9.05433e+00,    0.00000e+00,              3,              0,       1 meters
  08/21/2018 12:12:30.106,    1.92417e+00,    0.00000e+00,    1.92417e+00,    0.00000e+00,   -1.00000e-02,    0.00000e+00,    2.88572e+04,    0.00000e+00,    4.13857e+02,    0.00000e+00,    1.98135e+00,    0.00000e+00,    4.26155e+02,    0.00000e+00,    1.39951e+02,    0.00000e+00,    3.04176e+01,    0.00000e+00,    3.32667e+01,    0.00000e+00,    9.02747e+00,    0.00000e+00,    9.05684e+00,    0.00000e+00,              3,              0,       1 meters
  08/21/2018 12:12:31.083,    1.93038e+00,    0.00000e+00,    1.93038e+00,    0.00000e+00,   -1.00000e-02,    0.00000e+00,    2.90741e+04,    0.00000e+00,    4.15198e+02,    0.00000e+00,    1.98819e+00,    0.00000e+00,    4.27631e+02,    0.00000e+00,    1.39978e+02,    0.00000e+00,    3.04178e+01,    0.00000e+00,    3.32732e+01,    0.00000e+00,    9.02025e+00,    0.00000e+00,    9.04687e+00,    0.00000e+00,              3,              0,       1 meters
  08/21/2018 12:12:32.061,    1.92009e+00,    0.00000e+00,    1.92009e+00,    0.00000e+00,   -1.00000e-02,    0.00000e+00,    2.88772e+04,    0.00000e+00,    4.15227e+02,    0.00000e+00,    1.97719e+00,    0.00000e+00,    4.27574e+02,    0.00000e+00,    1.40012e+02,    0.00000e+00,    3.04175e+01,    0.00000e+00,    3.32685e+01,    0.00000e+00,    9.02196e+00,    0.00000e+00,    9.04938e+00,    0.00000e+00,              3,              0,       1 meters
  08/21/2018 12:12:33.037,    1.91930e+00,    0.00000e+00,    1.91930e+00,    0.00000e+00,   -1.00000e-02,    0.00000e+00,    2.88988e+04,    0.00000e+00,    4.16375e+02,    0.00000e+00,    1.97642e+00,    0.00000e+00,    4.28766e+02,    0.00000e+00,    1.39974e+02,    0.00000e+00,    3.04180e+01,    0.00000e+00,    3.32754e+01,    0.00000e+00,    9.01168e+00,    0.00000e+00,    9.04913e+00,    0.00000e+00,              3,              0,       1 meters
  08/21/2018 12:12:34.014,    1.92406e+00,    0.00000e+00,    1.92406e+00,    0.00000e+00,   -1.00000e-02,    0.00000e+00,    2.88541e+04,    0.00000e+00,    4.14357e+02,    0.00000e+00,    1.98123e+00,    0.00000e+00,    4.26668e+02,    0.00000e+00,    1.40013e+02,    0.00000e+00,    3.04180e+01,    0.00000e+00,    3.32667e+01,    0.00000e+00,    9.01293e+00,    0.00000e+00,    9.05471e+00,    0.00000e+00,              3,              0,       1 meters
  08/21/2018 12:12:34.991,    1.91878e+00,    0.00000e+00,    1.91878e+00,    0.00000e+00,   -1.00000e-02,    0.00000e+00,    2.88098e+04,    0.00000e+00,    4.14890e+02,    0.00000e+00,    1.97570e+00,    0.00000e+00,    4.27198e+02,    0.00000e+00,    1.39988e+02,    0.00000e+00,    3.04174e+01,    0.00000e+00,    3.32725e+01,    0.00000e+00,    9.01459e+00,    0.00000e+00,    9.04566e+00,    0.00000e+00,              3,              0,       1 meters
  08/21/2018 12:12:35.968,    1.92346e+00,    0.00000e+00,    1.92346e+00,    0.00000e+00,   -1.00000e-02,    0.00000e+00,    2.88064e+04,    0.00000e+00,    4.16139e+02,    0.00000e+00,    1.98052e+00,    0.00000e+00,    4.28482e+02,    0.00000e+00,    1.39963e+02,    0.00000e+00,    3.04182e+01,    0.00000e+00,    3.32722e+01,    0.00000e+00,    9.01080e+00,    0.00000e+00,    9.04938e+00,    0.00000e+00,              3,              0,       1 meters
  08/21/2018 12:12:36.945,    1.92533e+00,    0.00000e+00,    1.92533e+00,    0.00000e+00,   -1.00000e-02,    0.00000e+00,    2.88939e+04,    0.00000e+00,    4.14664e+02,    0.00000e+00,    1.98262e+00,    0.00000e+00,    4.27002e+02,    0.00000e+00,    1.39971e+02,    0.00000e+00,    3.04193e+01,    0.00000e+00,    3.32714e+01,    0.00000e+00,    9.00899e+00,    0.00000e+00,    9.05377e+00,    0.00000e+00,              3,              0,       1 meters
  08/21/2018 12:12:37.922,    1.91678e+00,    0.00000e+00,    1.91678e+00,    0.00000e+00,   -1.00000e-02,    0.00000e+00,    2.87158e+04,    0.00000e+00,    4.15609e+02,    0.00000e+00,    1.97345e+00,    0.00000e+00,    4.27896e+02,    0.00000e+00,    1.40024e+02,    0.00000e+00,    3.04195e+01,    0.00000e+00,    3.32719e+01,    0.00000e+00,    9.01452e+00,    0.00000e+00,    9.04708e+00,    0.00000e+00,              3,              0,       1 meters
  08/21/2018 12:12:38.900,    1.92446e+00,    0.00000e+00,    1.92446e+00,    0.00000e+00,   -1.00000e-02,    0.00000e+00,    2.89696e+04,    0.00000e+00,    4.14620e+02,    0.00000e+00,    1.98187e+00,    0.00000e+00,    4.26989e+02,    0.00000e+00,    1.39964e+02,    0.00000e+00,    3.04192e+01,    0.00000e+00,    3.32719e+01,    0.00000e+00,    9.01760e+00,    0.00000e+00,    9.04407e+00,    0.00000e+00,              3,              0,       1 meters
  08/21/2018 12:12:39.876,    1.92690e+00,    0.00000e+00,    1.92690e+00,    0.00000e+00,   -1.00000e-02,    0.00000e+00,    2.90779e+04,    0.00000e+00,    4.14940e+02,    0.00000e+00,    1.98460e+00,    0.00000e+00,    4.27367e+02,    0.00000e+00,    1.39993e+02,    0.00000e+00,    3.04204e+01,    0.00000e+00,    3.32742e+01,    0.00000e+00,    9.01258e+00,    0.00000e+00,    9.05504e+00,    0.00000e+00,              3,              0,       1 meters
  08/21/2018 12:12:40.853,    1.92817e+00,    0.00000e+00,    1.92817e+00,    0.00000e+00,   -1.00000e-02,    0.00000e+00,    2.90809e+04,    0.00000e+00,    4.15771e+02,    0.00000e+00,    1.98592e+00,    0.00000e+00,    4.28224e+02,    0.00000e+00,    1.40000e+02,    0.00000e+00,    3.04209e+01,    0.00000e+00,    3.32771e+01,    0.00000e+00,    9.01410e+00,    0.00000e+00,    9.04502e+00,    0.00000e+00,              3,              0,       1 meters
  08/21/2018 12:12:41.831,    1.92824e+00,    0.00000e+00,    1.92824e+00,    0.00000e+00,   -1.00000e-02,    0.00000e+00,    2.90485e+04,    0.00000e+00,    4.14407e+02,    0.00000e+00,    1.98593e+00,    0.00000e+00,    4.26805e+02,    0.00000e+00,    1.39962e+02,    0.00000e+00,    3.04209e+01,    0.00000e+00,    3.32802e+01,    0.00000e+00,    9.01658e+00,    0.00000e+00,    9.04688e+00,    0.00000e+00,              3,              0,       1 meters
  08/21/2018 12:12:42.807,    1.92910e+00,    0.00000e+00,    1.92910e+00,    0.00000e+00,   -1.00000e-02,    0.00000e+00,    2.93067e+04,    0.00000e+00,    4.12858e+02,    0.00000e+00,    1.98734e+00,    0.00000e+00,    4.25323e+02,    0.00000e+00,    1.40011e+02,    0.00000e+00,    3.04210e+01,    0.00000e+00,    3.32799e+01,    0.00000e+00,    9.02516e+00,    0.00000e+00,    9.06141e+00,    0.00000e+00,              3,              0,       1 meters
  08/21/2018 12:12:43.784,    1.92695e+00,    0.00000e+00,    1.92695e+00,    0.00000e+00,   -1.00000e-02,    0.00000e+00,    2.89152e+04,    0.00000e+00,    4.14948e+02,    0.00000e+00,    1.98433e+00,    0.00000e+00,    4.27303e+02,    0.00000e+00,    1.39989e+02,    0.00000e+00,    3.04237e+01,    0.00000e+00,    3.32831e+01,    0.00000e+00,    9.01343e+00,    0.00000e+00,    9.04887e+00,    0.00000e+00,              3,              0,       1 meters
  08/21/2018 12:12:44.761,    1.93156e+00,    0.00000e+00,    1.93156e+00,    0.00000e+00,   -1.00000e-02,    0.00000e+00,    2.89979e+04,    0.00000e+00,    4.14831e+02,    0.00000e+00,    1.98924e+00,    0.00000e+00,    4.27220e+02,    0.00000e+00,    1.39982e+02,    0.00000e+00,    3.04226e+01,    0.00000e+00,    3.32858e+01,    0.00000e+00,    9.01552e+00,    0.00000e+00,    9.04682e+00,    0.00000e+00,              3,              0,       1 meters
  08/21/2018 12:12:45.737,    1.91873e+00,    0.00000e+00,    1.91873e+00,    0.00000e+00,   -1.00000e-02,    0.00000e+00,    2.89617e+04,    0.00000e+00,    4.14296e+02,    0.00000e+00,    1.97595e+00,    0.00000e+00,    4.26653e+02,    0.00000e+00,    1.39968e+02,    0.00000e+00,    3.04202e+01,    0.00000e+00,    3.32851e+01,    0.00000e+00,    9.02461e+00,    0.00000e+00,    9.05655e+00,    0.00000e+00,              3,              0,       1 meters
  08/21/2018 12:12:46.713,    1.92495e+00,    0.00000e+00,    1.92495e+00,    0.00000e+00,   -1.00000e-02,    0.00000e+00,    2.91091e+04,    0.00000e+00,    4.14187e+02,    0.00000e+00,    1.98266e+00,    0.00000e+00,    4.26605e+02,    0.00000e+00,    1.40007e+02,    0.00000e+00,    3.04209e+01,    0.00000e+00,    3.32832e+01,    0.00000e+00,    9.02316e+00,    0.00000e+00,    9.05596e+00,    0.00000e+00,              3,              0,       1 meters
  08/21/2018 12:12:47.691,    1.92020e+00,    0.00000e+00,    1.92020e+00,    0.00000e+00,   -1.00000e-02,    0.00000e+00,    2.89458e+04,    0.00000e+00,    4.14553e+02,    0.00000e+00,    1.97744e+00,    0.00000e+00,    4.26910e+02,    0.00000e+00,    1.40007e+02,    0.00000e+00,    3.04242e+01,    0.00000e+00,    3.32916e+01,    0.00000e+00,    9.02252e+00,    0.00000e+00,    9.04700e+00,    0.00000e+00,              3,              0,       1 meters
  08/21/2018 12:12:48.668,    1.91941e+00,    0.00000e+00,    1.91941e+00,    0.00000e+00,   -1.00000e-02,    0.00000e+00,    2.88313e+04,    0.00000e+00,    4.15222e+02,    0.00000e+00,    1.97639e+00,    0.00000e+00,    4.27548e+02,    0.00000e+00,    1.40008e+02,    0.00000e+00,    3.04250e+01,    0.00000e+00,    3.32868e+01,    0.00000e+00,    9.01962e+00,    0.00000e+00,    9.05047e+00,    0.00000e+00,              3,              0,       1 meters
  08/21/2018 12:12:49.644,    1.91827e+00,    0.00000e+00,    1.91827e+00,    0.00000e+00,   -1.00000e-02,    0.00000e+00,    2.89191e+04,    0.00000e+00,    4.14356e+02,    0.00000e+00,    1.97540e+00,    0.00000e+00,    4.26696e+02,    0.00000e+00,    1.40005e+02,    0.00000e+00,    3.04242e+01,    0.00000e+00,    3.32866e+01,    0.00000e+00,    9.01723e+00,    0.00000e+00,    9.05282e+00,    0.00000e+00,              3,              0,       1 meters
  08/21/2018 12:12:50.621,    1.92348e+00,    0.00000e+00,    1.92348e+00,    0.00000e+00,   -1.00000e-02,    0.00000e+00,    2.89474e+04,    0.00000e+00,    4.16004e+02,    0.00000e+00,    1.98082e+00,    0.00000e+00,    4.28405e+02,    0.00000e+00,    1.40006e+02,    0.00000e+00,    3.04246e+01,    0.00000e+00,    3.32875e+01,    0.00000e+00,    9.00930e+00,    0.00000e+00,    9.04178e+00,    0.00000e+00,              3,              0,       1 meters
  08/21/2018 12:12:51.598,    1.91706e+00,    0.00000e+00,    1.91706e+00,    0.00000e+00,   -1.00000e-02,    0.00000e+00,    2.88266e+04,    0.00000e+00,    4.14157e+02,    0.00000e+00,    1.97397e+00,    0.00000e+00,    4.26451e+02,    0.00000e+00,    1.40001e+02,    0.00000e+00,    3.04251e+01,    0.00000e+00,    3.32908e+01,    0.00000e+00,    9.01791e+00,    0.00000e+00,    9.05729e+00,    0.00000e+00,              3,              0,       1 meters
  08/21/2018 12:12:52.576,    1.92294e+00,    0.00000e+00,    1.92294e+00,    0.00000e+00,   -1.00000e-02,    0.00000e+00,    2.90029e+04,    0.00000e+00,    4.14307e+02,    0.00000e+00,    1.98038e+00,    0.00000e+00,    4.26682e+02,    0.00000e+00,    1.39963e+02,    0.00000e+00,    3.04250e+01,    0.00000e+00,    3.32931e+01,    0.00000e+00,    9.01642e+00,    0.00000e+00,    9.05422e+00,    0.00000e+00,              3,              0,       1 meters
  08/21/2018 12:12:53.552,    1.91794e+00,    0.00000e+00,    1.91794e+00,    0.00000e+00,   -1.00000e-02,    0.00000e+00,    2.87966e+04,    0.00000e+00,    4.14878e+02,    0.00000e+00,    1.97481e+00,    0.00000e+00,    4.27179e+02,    0.00000e+00,    1.39978e+02,    0.00000e+00,    3.04244e+01,    0.00000e+00,    3.32946e+01,    0.00000e+00,    9.01631e+00,    0.00000e+00,    9.05306e+00,    0.00000e+00,              3,              0,       1 meters
  08/21/2018 12:12:54.530,    1.92223e+00,    0.00000e+00,    1.92223e+00,    0.00000e+00,   -1.00000e-02,    0.00000e+00,    2.88447e+04,    0.00000e+00,    4.13664e+02,    0.00000e+00,    1.97933e+00,    0.00000e+00,    4.25951e+02,    0.00000e+00,    1.40010e+02,    0.00000e+00,    3.04264e+01,    0.00000e+00,    3.32915e+01,    0.00000e+00,    9.02053e+00,    0.00000e+00,    9.05595e+00,    0.00000e+00,              3,              0,       1 meters
  08/21/2018 12:12:55.505,    1.92261e+00,    0.00000e+00,    1.92261e+00,    0.00000e+00,   -1.00000e-02,    0.00000e+00,    2.88578e+04,    0.00000e+00,    4.15133e+02,    0.00000e+00,    1.97974e+00,    0.00000e+00,    4.27469e+02,    0.00000e+00,    1.40001e+02,    0.00000e+00,    3.04250e+01,    0.00000e+00,    3.32974e+01,    0.00000e+00,    9.01429e+00,    0.00000e+00,    9.04485e+00,    0.00000e+00,              3,              0,       1 meters
  08/21/2018 12:12:56.482,    1.92223e+00,    0.00000e+00,    1.92223e+00,    0.00000e+00,   -1.00000e-02,    0.00000e+00,    2.88936e+04,    0.00000e+00,    4.15972e+02,    0.00000e+00,    1.97942e+00,    0.00000e+00,    4.28348e+02,    0.00000e+00,    1.39956e+02,    0.00000e+00,    3.04236e+01,    0.00000e+00,    3.32977e+01,    0.00000e+00,    9.01330e+00,    0.00000e+00,    9.03886e+00,    0.00000e+00,              3,              0,       1 meters
  08/21/2018 12:12:57.460,    1.91989e+00,    0.00000e+00,    1.91989e+00,    0.00000e+00,   -1.00000e-02,    0.00000e+00,    2.89468e+04,    0.00000e+00,    4.13588e+02,    0.00000e+00,    1.97712e+00,    0.00000e+00,    4.25917e+02,    0.00000e+00,    1.40001e+02,    0.00000e+00,    3.04231e+01,    0.00000e+00,    3.32962e+01,    0.00000e+00,    9.02067e+00,    0.00000e+00,    9.05104e+00,    0.00000e+00,              3,              0,       1 meters
  08/21/2018 12:12:58.436,    1.92157e+00,    0.00000e+00,    1.92157e+00,    0.00000e+00,   -1.00000e-02,    0.00000e+00,    2.89424e+04,    0.00000e+00,    4.13819e+02,    0.00000e+00,    1.97884e+00,    0.00000e+00,    4.26153e+02,    0.00000e+00,    1.39987e+02,    0.00000e+00,    3.04250e+01,    0.00000e+00,    3.32988e+01,    0.00000e+00,    9.01014e+00,    0.00000e+00,    9.05203e+00,    0.00000e+00,              3,              0,       1 meters
  08/21/2018 12:12:59.413,    1.91653e+00,    0.00000e+00,    1.91653e+00,    0.00000e+00,   -1.00000e-02,    0.00000e+00,    2.88235e+04,    0.00000e+00,    4.13329e+02,    0.00000e+00,    1.97341e+00,    0.00000e+00,    4.25597e+02,    0.00000e+00,    1.39986e+02,    0.00000e+00,    3.04250e+01,    0.00000e+00,    3.33027e+01,    0.00000e+00,    9.02216e+00,    0.00000e+00,    9.05852e+00,    0.00000e+00,              3,              0,       1 meters
  08/21/2018 12:13:00.390,    1.91453e+00,    0.00000e+00,    1.91453e+00,    0.00000e+00,   -1.00000e-02,    0.00000e+00,    2.87128e+04,    0.00000e+00,    4.13714e+02,    0.00000e+00,    1.97112e+00,    0.00000e+00,    4.25944e+02,    0.00000e+00,    1.40022e+02,    0.00000e+00,    3.04257e+01,    0.00000e+00,    3.33025e+01,    0.00000e+00,    9.01607e+00,    0.00000e+00,    9.06065e+00,    0.00000e+00,              3,              0,       1 meters
  08/21/2018 12:13:01.366,    1.91849e+00,    0.00000e+00,    1.91849e+00,    0.00000e+00,   -1.00000e-02,    0.00000e+00,    2.87664e+04,    0.00000e+00,    4.13575e+02,    0.00000e+00,    1.97531e+00,    0.00000e+00,    4.25825e+02,    0.00000e+00,    1.39982e+02,    0.00000e+00,    3.04258e+01,    0.00000e+00,    3.33072e+01,    0.00000e+00,    9.02178e+00,    0.00000e+00,    9.05859e+00,    0.00000e+00,              3,              0,       1 meters
  08/21/2018 12:13:02.344,    1.92458e+00,    0.00000e+00,    1.92458e+00,    0.00000e+00,   -1.00000e-02,    0.00000e+00,    2.88463e+04,    0.00000e+00,    4.13774e+02,    0.00000e+00,    1.98175e+00,    0.00000e+00,    4.26064e+02,    0.00000e+00,    1.39957e+02,    0.00000e+00,    3.04254e+01,    0.00000e+00,    3.33072e+01,    0.00000e+00,    9.01984e+00,    0.00000e+00,    9.05488e+00,    0.00000e+00,              3,              0,       1 meters
  08/21/2018 12:13:03.321,    1.92260e+00,    0.00000e+00,    1.92260e+00,    0.00000e+00,   -1.00000e-02,    0.00000e+00,    2.89571e+04,    0.00000e+00,    4.14145e+02,    0.00000e+00,    1.97993e+00,    0.00000e+00,    4.26495e+02,    0.00000e+00,    1.39946e+02,    0.00000e+00,    3.04262e+01,    0.00000e+00,    3.33086e+01,    0.00000e+00,    9.01149e+00,    0.00000e+00,    9.05375e+00,    0.00000e+00,              3,              0,       1 meters
  08/21/2018 12:13:04.297,    1.92719e+00,    0.00000e+00,    1.92719e+00,    0.00000e+00,   -1.00000e-02,    0.00000e+00,    2.88322e+04,    0.00000e+00,    4.13750e+02,    0.00000e+00,    1.98441e+00,    0.00000e+00,    4.26033e+02,    0.00000e+00,    1.39990e+02,    0.00000e+00,    3.04255e+01,    0.00000e+00,    3.33082e+01,    0.00000e+00,    9.01253e+00,    0.00000e+00,    9.04959e+00,    0.00000e+00,              3,              0,       1 meters
  08/21/2018 12:13:05.275,    1.91429e+00,    0.00000e+00,    1.91429e+00,    0.00000e+00,   -1.00000e-02,    0.00000e+00,    2.87454e+04,    0.00000e+00,    4.14740e+02,    0.00000e+00,    1.97095e+00,    0.00000e+00,    4.27014e+02,    0.00000e+00,    1.39939e+02,    0.00000e+00,    3.04264e+01,    0.00000e+00,    3.33159e+01,    0.00000e+00,    9.02231e+00,    0.00000e+00,    9.05027e+00,    0.00000e+00,              3,              0,       1 meters
  08/21/2018 12:13:06.252,    1.91959e+00,    0.00000e+00,    1.91959e+00,    0.00000e+00,   -1.00000e-02,    0.00000e+00,    2.87473e+04,    0.00000e+00,    4.11044e+02,    0.00000e+00,    1.97641e+00,    0.00000e+00,    4.23210e+02,    0.00000e+00,    1.40010e+02,    0.00000e+00,    3.04258e+01,    0.00000e+00,    3.33135e+01,    0.00000e+00,    9.02697e+00,    0.00000e+00,    9.06970e+00,    0.00000e+00,              3,              0,       1 meters
  08/21/2018 12:13:07.228,    1.92137e+00,    0.00000e+00,    1.92137e+00,    0.00000e+00,   -1.00000e-02,    0.00000e+00,    2.89051e+04,    0.00000e+00,    4.13777e+02,    0.00000e+00,    1.97856e+00,    0.00000e+00,    4.26093e+02,    0.00000e+00,    1.39959e+02,    0.00000e+00,    3.04254e+01,    0.00000e+00,    3.33169e+01,    0.00000e+00,    9.02223e+00,    0.00000e+00,    9.05244e+00,    0.00000e+00,              3,              0,       1 meters
  08/21/2018 12:13:08.205,    1.91748e+00,    0.00000e+00,    1.91748e+00,    0.00000e+00,   -1.00000e-02,    0.00000e+00,    2.88214e+04,    0.00000e+00,    4.13958e+02,    0.00000e+00,    1.97438e+00,    0.00000e+00,    4.26243e+02,    0.00000e+00,    1.40000e+02,    0.00000e+00,    3.04253e+01,    0.00000e+00,    3.33143e+01,    0.00000e+00,    9.01548e+00,    0.00000e+00,    9.05588e+00,    0.00000e+00,              3,              0,       1 meters
  08/21/2018 12:13:09.183,    1.91603e+00,    0.00000e+00,    1.91603e+00,    0.00000e+00,   -1.00000e-02,    0.00000e+00,    2.88017e+04,    0.00000e+00,    4.13645e+02,    0.00000e+00,    1.97285e+00,    0.00000e+00,    4.25912e+02,    0.00000e+00,    1.40018e+02,    0.00000e+00,    3.04257e+01,    0.00000e+00,    3.33201e+01,    0.00000e+00,    9.02705e+00,    0.00000e+00,    9.05714e+00,    0.00000e+00,              3,              0,       1 meters
  08/21/2018 12:13:10.159,    1.91756e+00,    0.00000e+00,    1.91756e+00,    0.00000e+00,   -1.00000e-02,    0.00000e+00,    2.88275e+04,    0.00000e+00,    4.12773e+02,    0.00000e+00,    1.97448e+00,    0.00000e+00,    4.25026e+02,    0.00000e+00,    1.39961e+02,    0.00000e+00,    3.04266e+01,    0.00000e+00,    3.33249e+01,    0.00000e+00,    9.03009e+00,    0.00000e+00,    9.06351e+00,    0.00000e+00,              3,              0,       1 meters
  08/21/2018 12:13:11.136,    1.91314e+00,    0.00000e+00,    1.91314e+00,    0.00000e+00,   -1.00000e-02,    0.00000e+00,    2.88255e+04,    0.00000e+00,    4.13751e+02,    0.00000e+00,    1.96993e+00,    0.00000e+00,    4.26032e+02,    0.00000e+00,    1.40000e+02,    0.00000e+00,    3.04261e+01,    0.00000e+00,    3.33217e+01,    0.00000e+00,    9.02454e+00,    0.00000e+00,    9.05714e+00,    0.00000e+00,              3,              0,       1 meters
  08/21/2018 12:13:12.112,    1.91610e+00,    0.00000e+00,    1.91610e+00,    0.00000e+00,   -1.00000e-02,    0.00000e+00,    2.87810e+04,    0.00000e+00,    4.15814e+02,    0.00000e+00,    1.97288e+00,    0.00000e+00,    4.28136e+02,    0.00000e+00,    1.39976e+02,    0.00000e+00,    3.04255e+01,    0.00000e+00,    3.33194e+01,    0.00000e+00,    9.01526e+00,    0.00000e+00,    9.04753e+00,    0.00000e+00,              3,              0,       1 meters
  08/21/2018 12:13:13.089,    1.91551e+00,    0.00000e+00,    1.91551e+00,    0.00000e+00,   -1.00000e-02,    0.00000e+00,    2.87714e+04,    0.00000e+00,    4.13385e+02,    0.00000e+00,    1.97225e+00,    0.00000e+00,    4.25631e+02,    0.00000e+00,    1.39998e+02,    0.00000e+00,    3.04282e+01,    0.00000e+00,    3.33183e+01,    0.00000e+00,    9.02179e+00,    0.00000e+00,    9.06006e+00,    0.00000e+00,              3,              0,       1 meters
  08/21/2018 12:13:14.066,    1.91625e+00,    0.00000e+00,    1.91625e+00,    0.00000e+00,   -1.00000e-02,    0.00000e+00,    2.87235e+04,    0.00000e+00,    4.14044e+02,    0.00000e+00,    1.97292e+00,    0.00000e+00,    4.26288e+02,    0.00000e+00,    1.39991e+02,    0.00000e+00,    3.04279e+01,    0.00000e+00,    3.33206e+01,    0.00000e+00,    9.01572e+00,    0.00000e+00,    9.05544e+00,    0.00000e+00,              3,              0,       1 meters
  08/21/2018 12:13:15.043,    1.91160e+00,    0.00000e+00,    1.91160e+00,    0.00000e+00,   -1.00000e-02,    0.00000e+00,    2.87749e+04,    0.00000e+00,    4.13493e+02,    0.00000e+00,    1.96824e+00,    0.00000e+00,    4.25744e+02,    0.00000e+00,    1.40009e+02,    0.00000e+00,    3.04258e+01,    0.00000e+00,    3.33190e+01,    0.00000e+00,    9.01827e+00,    0.00000e+00,    9.05506e+00,    0.00000e+00,              3,              0,       1 meters
  08/21/2018 12:13:16.020,    1.91273e+00,    0.00000e+00,    1.91273e+00,    0.00000e+00,   -1.00000e-02,    0.00000e+00,    2.86812e+04,    0.00000e+00,    4.14159e+02,    0.00000e+00,    1.96921e+00,    0.00000e+00,    4.26389e+02,    0.00000e+00,    1.40002e+02,    0.00000e+00,    3.04272e+01,    0.00000e+00,    3.33257e+01,    0.00000e+00,    9.01885e+00,    0.00000e+00,    9.04882e+00,    0.00000e+00,              3,              0,       1 meters
  08/21/2018 12:13:16.997,    1.91760e+00,    0.00000e+00,    1.91760e+00,    0.00000e+00,   -1.00000e-02,    0.00000e+00,    2.88279e+04,    0.00000e+00,    4.15545e+02,    0.00000e+00,    1.97452e+00,    0.00000e+00,    4.27880e+02,    0.00000e+00,    1.40017e+02,    0.00000e+00,    3.04258e+01,    0.00000e+00,    3.33209e+01,    0.00000e+00,    9.00986e+00,    0.00000e+00,    9.04001e+00,    0.00000e+00,              3,              0,       1 meters
  08/21/2018 12:13:17.974,    1.90893e+00,    0.00000e+00,    1.90893e+00,    0.00000e+00,   -1.00000e-02,    0.00000e+00,    2.86969e+04,    0.00000e+00,    4.14374e+02,    0.00000e+00,    1.96533e+00,    0.00000e+00,    4.26617e+02,    0.00000e+00,    1.39977e+02,    0.00000e+00,    3.04275e+01,    0.00000e+00,    3.33258e+01,    0.00000e+00,    9.01911e+00,    0.00000e+00,    9.04983e+00,    0.00000e+00,              3,              0,       1 meters
  08/21/2018 12:13:18.950,    1.91098e+00,    0.00000e+00,    1.91098e+00,    0.00000e+00,   -1.00000e-02,    0.00000e+00,    2.87781e+04,    0.00000e+00,    4.14426e+02,    0.00000e+00,    1.96761e+00,    0.00000e+00,    4.26705e+02,    0.00000e+00,    1.40022e+02,    0.00000e+00,    3.04252e+01,    0.00000e+00,    3.33221e+01,    0.00000e+00,    9.01877e+00,    0.00000e+00,    9.05706e+00,    0.00000e+00,              3,              0,       1 meters
  08/21/2018 12:13:19.928,    1.91163e+00,    0.00000e+00,    1.91163e+00,    0.00000e+00,   -1.00000e-02,    0.00000e+00,    2.88365e+04,    0.00000e+00,    4.14242e+02,    0.00000e+00,    1.96840e+00,    0.00000e+00,    4.26542e+02,    0.00000e+00,    1.40008e+02,    0.00000e+00,    3.04270e+01,    0.00000e+00,    3.33232e+01,    0.00000e+00,    9.01795e+00,    0.00000e+00,    9.05319e+00,    0.00000e+00,              3,              0,       1 meters
  08/21/2018 12:13:20.904,    1.91358e+00,    0.00000e+00,    1.91358e+00,    0.00000e+00,   -1.00000e-02,    0.00000e+00,    2.87706e+04,    0.00000e+00,    4.15260e+02,    0.00000e+00,    1.97027e+00,    0.00000e+00,    4.27561e+02,    0.00000e+00,    1.40035e+02,    0.00000e+00,    3.04269e+01,    0.00000e+00,    3.33192e+01,    0.00000e+00,    9.01703e+00,    0.00000e+00,    9.04190e+00,    0.00000e+00,              3,              0,       1 meters
  08/21/2018 12:13:21.882,    1.91703e+00,    0.00000e+00,    1.91703e+00,    0.00000e+00,   -1.00000e-02,    0.00000e+00,    2.88324e+04,    0.00000e+00,    4.14693e+02,    0.00000e+00,    1.97394e+00,    0.00000e+00,    4.27005e+02,    0.00000e+00,    1.40009e+02,    0.00000e+00,    3.04279e+01,    0.00000e+00,    3.33221e+01,    0.00000e+00,    9.01052e+00,    0.00000e+00,    9.05421e+00,    0.00000e+00,              3,              0,       1 meters
  08/21/2018 12:13:22.858,    1.90792e+00,    0.00000e+00,    1.90792e+00,    0.00000e+00,   -1.00000e-02,    0.00000e+00,    2.86212e+04,    0.00000e+00,    4.15300e+02,    0.00000e+00,    1.96413e+00,    0.00000e+00,    4.27537e+02,    0.00000e+00,    1.40032e+02,    0.00000e+00,    3.04273e+01,    0.00000e+00,    3.33227e+01,    0.00000e+00,    9.02287e+00,    0.00000e+00,    9.05233e+00,    0.00000e+00,              3,              0,       1 meters
  08/21/2018 12:13:23.835,    1.90757e+00,    0.00000e+00,    1.90757e+00,    0.00000e+00,   -1.00000e-02,    0.00000e+00,    2.86035e+04,    0.00000e+00,    4.14117e+02,    0.00000e+00,    1.96374e+00,    0.00000e+00,    4.26311e+02,    0.00000e+00,    1.40033e+02,    0.00000e+00,    3.04266e+01,    0.00000e+00,    3.33234e+01,    0.00000e+00,    9.01782e+00,    0.00000e+00,    9.05479e+00,    0.00000e+00,              3,              0,       1 meters
  08/21/2018 12:13:24.812,    1.91283e+00,    0.00000e+00,    1.91283e+00,    0.00000e+00,   -1.00000e-02,    0.00000e+00,    2.86485e+04,    0.00000e+00,    4.15051e+02,    0.00000e+00,    1.96925e+00,    0.00000e+00,    4.27292e+02,    0.00000e+00,    1.39998e+02,    0.00000e+00,    3.04274e+01,    0.00000e+00,    3.33276e+01,    0.00000e+00,    9.01423e+00,    0.00000e+00,    9.04697e+00,    0.00000e+00,              3,              0,       1 meters
  08/21/2018 12:13:25.789,    1.90482e+00,    0.00000e+00,    1.90482e+00,    0.00000e+00,   -1.00000e-02,    0.00000e+00,    2.85000e+04,    0.00000e+00,    4.15459e+02,    0.00000e+00,    1.96070e+00,    0.00000e+00,    4.27647e+02,    0.00000e+00,    1.40038e+02,    0.00000e+00,    3.04264e+01,    0.00000e+00,    3.33211e+01,    0.00000e+00,    9.01192e+00,    0.00000e+00,    9.04679e+00,    0.00000e+00,              3,              0,       1 meters
  08/21/2018 12:13:26.766,    1.90685e+00,    0.00000e+00,    1.90685e+00,    0.00000e+00,   -1.00000e-02,    0.00000e+00,    2.86387e+04,    0.00000e+00,    4.14388e+02,    0.00000e+00,    1.96307e+00,    0.00000e+00,    4.26605e+02,    0.00000e+00,    1.39994e+02,    0.00000e+00,    3.04280e+01,    0.00000e+00,    3.33206e+01,    0.00000e+00,    9.02064e+00,    0.00000e+00,    9.04660e+00,    0.00000e+00,              3,              0,       1 meters
  08/21/2018 12:13:27.743,    1.89214e+00,    0.00000e+00,    1.89214e+00,    0.00000e+00,   -1.00000e-02,    0.00000e+00,    2.81126e+04,    0.00000e+00,    4.16163e+02,    0.00000e+00,    1.94688e+00,    0.00000e+00,    4.28201e+02,    0.00000e+00,    1.40014e+02,    0.00000e+00,    3.04242e+01,    0.00000e+00,    3.33185e+01,    0.00000e+00,    9.01114e+00,    0.00000e+00,    9.04700e+00,    0.00000e+00,              3,              0,       1 meters
  08/21/2018 12:13:28.721,    1.90601e+00,    0.00000e+00,    1.90601e+00,    0.00000e+00,   -1.00000e-02,    0.00000e+00,    2.85477e+04,    0.00000e+00,    4.14053e+02,    0.00000e+00,    1.96202e+00,    0.00000e+00,    4.26220e+02,    0.00000e+00,    1.40005e+02,    0.00000e+00,    3.04244e+01,    0.00000e+00,    3.33203e+01,    0.00000e+00,    9.02394e+00,    0.00000e+00,    9.05940e+00,    0.00000e+00,              3,              0,       1 meters
  08/21/2018 12:13:29.697,    1.90054e+00,    0.00000e+00,    1.90054e+00,    0.00000e+00,   -1.00000e-02,    0.00000e+00,    2.84952e+04,    0.00000e+00,    4.13078e+02,    0.00000e+00,    1.95629e+00,    0.00000e+00,    4.25194e+02,    0.00000e+00,    1.40012e+02,    0.00000e+00,    3.04244e+01,    0.00000e+00,    3.33168e+01,    0.00000e+00,    9.03133e+00,    0.00000e+00,    9.06841e+00,    0.00000e+00,              3,              0,       1 meters
  08/21/2018 12:13:30.673,    1.90901e+00,    0.00000e+00,    1.90901e+00,    0.00000e+00,   -1.00000e-02,    0.00000e+00,    2.85526e+04,    0.00000e+00,    4.12126e+02,    0.00000e+00,    1.96512e+00,    0.00000e+00,    4.24239e+02,    0.00000e+00,    1.40012e+02,    0.00000e+00,    3.04263e+01,    0.00000e+00,    3.33148e+01,    0.00000e+00,    9.03218e+00,    0.00000e+00,    9.06736e+00,    0.00000e+00,              3,              0,       1 meters
  08/21/2018 12:13:31.651,    1.90920e+00,    0.00000e+00,    1.90920e+00,    0.00000e+00,   -1.00000e-02,    0.00000e+00,    2.85782e+04,    0.00000e+00,    4.13075e+02,    0.00000e+00,    1.96536e+00,    0.00000e+00,    4.25227e+02,    0.00000e+00,    1.39979e+02,    0.00000e+00,    3.04274e+01,    0.00000e+00,    3.33161e+01,    0.00000e+00,    9.01906e+00,    0.00000e+00,    9.05438e+00,    0.00000e+00,              3,              0,       1 meters
  08/21/2018 12:13:32.627,    1.89985e+00,    0.00000e+00,    1.89985e+00,    0.00000e+00,   -1.00000e-02,    0.00000e+00,    2.84099e+04,    0.00000e+00,    4.14816e+02,    0.00000e+00,    1.95540e+00,    0.00000e+00,    4.26945e+02,    0.00000e+00,    1.40016e+02,    0.00000e+00,    3.04274e+01,    0.00000e+00,    3.33098e+01,    0.00000e+00,    9.01854e+00,    0.00000e+00,    9.05779e+00,    0.00000e+00,              3,              0,       1 meters
  08/21/2018 12:13:33.603,    1.90124e+00,    0.00000e+00,    1.90124e+00,    0.00000e+00,   -1.00000e-02,    0.00000e+00,    2.84381e+04,    0.00000e+00,    4.14017e+02,    0.00000e+00,    1.95689e+00,    0.00000e+00,    4.26135e+02,    0.00000e+00,    1.40002e+02,    0.00000e+00,    3.04266e+01,    0.00000e+00,    3.33093e+01,    0.00000e+00,    9.02564e+00,    0.00000e+00,    9.05782e+00,    0.00000e+00,              3,              0,       1 meters
  08/21/2018 12:13:34.580,    1.90710e+00,    0.00000e+00,    1.90710e+00,    0.00000e+00,   -1.00000e-02,    0.00000e+00,    2.85244e+04,    0.00000e+00,    4.14404e+02,    0.00000e+00,    1.96309e+00,    0.00000e+00,    4.26572e+02,    0.00000e+00,    1.40024e+02,    0.00000e+00,    3.04265e+01,    0.00000e+00,    3.33098e+01,    0.00000e+00,    9.02096e+00,    0.00000e+00,    9.05326e+00,    0.00000e+00,              3,              0,       1 meters
  08/21/2018 12:13:35.557,    1.90802e+00,    0.00000e+00,    1.90802e+00,    0.00000e+00,   -1.00000e-02,    0.00000e+00,    2.85961e+04,    0.00000e+00,    4.14480e+02,    0.00000e+00,    1.96418e+00,    0.00000e+00,    4.26682e+02,    0.00000e+00,    1.40006e+02,    0.00000e+00,    3.04264e+01,    0.00000e+00,    3.33115e+01,    0.00000e+00,    9.01821e+00,    0.00000e+00,    9.05699e+00,    0.00000e+00,              3,              0,       1 meters
  08/21/2018 12:13:36.534,    1.90674e+00,    0.00000e+00,    1.90674e+00,    0.00000e+00,   -1.00000e-02,    0.00000e+00,    2.86357e+04,    0.00000e+00,    4.14225e+02,    0.00000e+00,    1.96295e+00,    0.00000e+00,    4.26436e+02,    0.00000e+00,    1.40006e+02,    0.00000e+00,    3.04265e+01,    0.00000e+00,    3.33097e+01,    0.00000e+00,    9.01792e+00,    0.00000e+00,    9.05642e+00,    0.00000e+00,              3,              0,       1 meters
  08/21/2018 12:13:37.511,    1.90565e+00,    0.00000e+00,    1.90565e+00,    0.00000e+00,   -1.00000e-02,    0.00000e+00,    2.84913e+04,    0.00000e+00,    4.15099e+02,    0.00000e+00,    1.96153e+00,    0.00000e+00,    4.27273e+02,    0.00000e+00,    1.40035e+02,    0.00000e+00,    3.04275e+01,    0.00000e+00,    3.33054e+01,    0.00000e+00,    9.01076e+00,    0.00000e+00,    9.05027e+00,    0.00000e+00,              3,              0,       1 meters
  08/21/2018 12:13:38.488,    1.90764e+00,    0.00000e+00,    1.90764e+00,    0.00000e+00,   -1.00000e-02,    0.00000e+00,    2.87551e+04,    0.00000e+00,    4.13930e+02,    0.00000e+00,    1.96412e+00,    0.00000e+00,    4.26185e+02,    0.00000e+00,    1.40003e+02,    0.00000e+00,    3.04255e+01,    0.00000e+00,    3.33071e+01,    0.00000e+00,    9.01532e+00,    0.00000e+00,    9.05312e+00,    0.00000e+00,              3,              0,       1 meters
  08/21/2018 12:13:39.465,    1.90613e+00,    0.00000e+00,    1.90613e+00,    0.00000e+00,   -1.00000e-02,    0.00000e+00,    2.86107e+04,    0.00000e+00,    4.13724e+02,    0.00000e+00,    1.96227e+00,    0.00000e+00,    4.25909e+02,    0.00000e+00,    1.40033e+02,    0.00000e+00,    3.04249e+01,    0.00000e+00,    3.33047e+01,    0.00000e+00,    9.02214e+00,    0.00000e+00,    9.05791e+00,    0.00000e+00,              3,              0,       1 meters
  08/21/2018 12:13:40.442,    1.90694e+00,    0.00000e+00,    1.90694e+00,    0.00000e+00,   -1.00000e-02,    0.00000e+00,    2.85264e+04,    0.00000e+00,    4.14391e+02,    0.00000e+00,    1.96294e+00,    0.00000e+00,    4.26559e+02,    0.00000e+00,    1.39998e+02,    0.00000e+00,    3.04269e+01,    0.00000e+00,    3.33078e+01,    0.00000e+00,    9.02567e+00,    0.00000e+00,    9.05580e+00,    0.00000e+00,              3,              0,       1 meters
  08/21/2018 12:13:41.419,    1.90568e+00,    0.00000e+00,    1.90568e+00,    0.00000e+00,   -1.00000e-02,    0.00000e+00,    2.86466e+04,    0.00000e+00,    4.13800e+02,    0.00000e+00,    1.96188e+00,    0.00000e+00,    4.26004e+02,    0.00000e+00,    1.40016e+02,    0.00000e+00,    3.04267e+01,    0.00000e+00,    3.33072e+01,    0.00000e+00,    9.02102e+00,    0.00000e+00,    9.05631e+00,    0.00000e+00,              3,              0,       1 meters
  08/21/2018 12:13:42.397,    1.90595e+00,    0.00000e+00,    1.90595e+00,    0.00000e+00,   -1.00000e-02,    0.00000e+00,    2.87399e+04,    0.00000e+00,    4.13613e+02,    0.00000e+00,    1.96234e+00,    0.00000e+00,    4.25852e+02,    0.00000e+00,    1.40018e+02,    0.00000e+00,    3.04264e+01,    0.00000e+00,    3.33087e+01,    0.00000e+00,    9.02162e+00,    0.00000e+00,    9.06326e+00,    0.00000e+00,              3,              0,       1 meters
  08/21/2018 12:13:43.372,    1.90579e+00,    0.00000e+00,    1.90579e+00,    0.00000e+00,   -1.00000e-02,    0.00000e+00,    2.84592e+04,    0.00000e+00,    4.14182e+02,    0.00000e+00,    1.96162e+00,    0.00000e+00,    4.26315e+02,    0.00000e+00,    1.39976e+02,    0.00000e+00,    3.04272e+01,    0.00000e+00,    3.33161e+01,    0.00000e+00,    9.01910e+00,    0.00000e+00,    9.05963e+00,    0.00000e+00,              3,              0,       1 meters
  08/21/2018 12:13:44.349,    1.90755e+00,    0.00000e+00,    1.90755e+00,    0.00000e+00,   -1.00000e-02,    0.00000e+00,    2.86985e+04,    0.00000e+00,    4.13682e+02,    0.00000e+00,    1.96391e+00,    0.00000e+00,    4.25905e+02,    0.00000e+00,    1.40015e+02,    0.00000e+00,    3.04282e+01,    0.00000e+00,    3.33131e+01,    0.00000e+00,    9.01446e+00,    0.00000e+00,    9.06112e+00,    0.00000e+00,              3,              0,       1 meters
  08/21/2018 12:13:45.326,    1.90490e+00,    0.00000e+00,    1.90490e+00,    0.00000e+00,   -1.00000e-02,    0.00000e+00,    2.84985e+04,    0.00000e+00,    4.15101e+02,    0.00000e+00,    1.96077e+00,    0.00000e+00,    4.27278e+02,    0.00000e+00,    1.39981e+02,    0.00000e+00,    3.04275e+01,    0.00000e+00,    3.33161e+01,    0.00000e+00,    9.02025e+00,    0.00000e+00,    9.05039e+00,    0.00000e+00,              3,              0,       1 meters
  08/21/2018 12:13:46.303,    1.90524e+00,    0.00000e+00,    1.90524e+00,    0.00000e+00,   -1.00000e-02,    0.00000e+00,    2.85495e+04,    0.00000e+00,    4.13631e+02,    0.00000e+00,    1.96123e+00,    0.00000e+00,    4.25787e+02,    0.00000e+00,    1.40022e+02,    0.00000e+00,    3.04273e+01,    0.00000e+00,    3.33141e+01,    0.00000e+00,    9.01526e+00,    0.00000e+00,    9.04230e+00,    0.00000e+00,              3,              0,       1 meters
  08/21/2018 12:13:47.280,    1.90436e+00,    0.00000e+00,    1.90436e+00,    0.00000e+00,   -1.00000e-02,    0.00000e+00,    2.85614e+04,    0.00000e+00,    4.13347e+02,    0.00000e+00,    1.96035e+00,    0.00000e+00,    4.25500e+02,    0.00000e+00,    1.40015e+02,    0.00000e+00,    3.04273e+01,    0.00000e+00,    3.33133e+01,    0.00000e+00,    9.02077e+00,    0.00000e+00,    9.05312e+00,    0.00000e+00,              3,              0,       1 meters
  08/21/2018 12:13:48.257,    1.90936e+00,    0.00000e+00,    1.90936e+00,    0.00000e+00,   -1.00000e-02,    0.00000e+00,    2.86724e+04,    0.00000e+00,    4.13989e+02,    0.00000e+00,    1.96572e+00,    0.00000e+00,    4.26209e+02,    0.00000e+00,    1.39987e+02,    0.00000e+00,    3.04276e+01,    0.00000e+00,    3.33171e+01,    0.00000e+00,    9.01359e+00,    0.00000e+00,    9.05949e+00,    0.00000e+00,              3,              0,       1 meters
  08/21/2018 12:13:49.234,    1.90363e+00,    0.00000e+00,    1.90363e+00,    0.00000e+00,   -1.00000e-02,    0.00000e+00,    2.85727e+04,    0.00000e+00,    4.14215e+02,    0.00000e+00,    1.95962e+00,    0.00000e+00,    4.26398e+02,    0.00000e+00,    1.40016e+02,    0.00000e+00,    3.04253e+01,    0.00000e+00,    3.33140e+01,    0.00000e+00,    9.01390e+00,    0.00000e+00,    9.05348e+00,    0.00000e+00,              3,              0,       1 meters
  08/21/2018 12:13:50.210,    1.89762e+00,    0.00000e+00,    1.89762e+00,    0.00000e+00,   -1.00000e-02,    0.00000e+00,    2.85928e+04,    0.00000e+00,    4.15705e+02,    0.00000e+00,    1.95347e+00,    0.00000e+00,    4.27941e+02,    0.00000e+00,    1.39999e+02,    0.00000e+00,    3.04259e+01,    0.00000e+00,    3.33152e+01,    0.00000e+00,    9.01629e+00,    0.00000e+00,    9.06199e+00,    0.00000e+00,              3,              0,       1 meters
  08/21/2018 12:13:51.187,    1.90174e+00,    0.00000e+00,    1.90174e+00,    0.00000e+00,   -1.00000e-02,    0.00000e+00,    2.85508e+04,    0.00000e+00,    4.14553e+02,    0.00000e+00,    1.95764e+00,    0.00000e+00,    4.26737e+02,    0.00000e+00,    1.40031e+02,    0.00000e+00,    3.04272e+01,    0.00000e+00,    3.33088e+01,    0.00000e+00,    9.01999e+00,    0.00000e+00,    9.05121e+00,    0.00000e+00,              3,              0,       1 meters
  08/21/2018 12:13:52.164,    1.89948e+00,    0.00000e+00,    1.89948e+00,    0.00000e+00,   -1.00000e-02,    0.00000e+00,    2.85454e+04,    0.00000e+00,    4.14946e+02,    0.00000e+00,    1.95530e+00,    0.00000e+00,    4.27139e+02,    0.00000e+00,    1.40012e+02,    0.00000e+00,    3.04269e+01,    0.00000e+00,    3.33095e+01,    0.00000e+00,    9.02663e+00,    0.00000e+00,    9.04267e+00,    0.00000e+00,              3,              0,       1 meters
  08/21/2018 12:13:53.141,    1.90365e+00,    0.00000e+00,    1.90365e+00,    0.00000e+00,   -1.00000e-02,    0.00000e+00,    2.86233e+04,    0.00000e+00,    4.14431e+02,    0.00000e+00,    1.95975e+00,    0.00000e+00,    4.26643e+02,    0.00000e+00,    1.40009e+02,    0.00000e+00,    3.04271e+01,    0.00000e+00,    3.33065e+01,    0.00000e+00,    9.01882e+00,    0.00000e+00,    9.05260e+00,    0.00000e+00,              3,              0,       1 meters
  08/21/2018 12:13:54.118,    1.90579e+00,    0.00000e+00,    1.90579e+00,    0.00000e+00,   -1.00000e-02,    0.00000e+00,    2.86556e+04,    0.00000e+00,    4.13822e+02,    0.00000e+00,    1.96201e+00,    0.00000e+00,    4.26030e+02,    0.00000e+00,    1.40040e+02,    0.00000e+00,    3.04266e+01,    0.00000e+00,    3.33042e+01,    0.00000e+00,    9.01635e+00,    0.00000e+00,    9.06146e+00,    0.00000e+00,              3,              0,       1 meters
  08/21/2018 12:13:55.095,    1.90142e+00,    0.00000e+00,    1.90142e+00,    0.00000e+00,   -1.00000e-02,    0.00000e+00,    2.86148e+04,    0.00000e+00,    4.14389e+02,    0.00000e+00,    1.95743e+00,    0.00000e+00,    4.26596e+02,    0.00000e+00,    1.40021e+02,    0.00000e+00,    3.04275e+01,    0.00000e+00,    3.33037e+01,    0.00000e+00,    9.02084e+00,    0.00000e+00,    9.05113e+00,    0.00000e+00,              3,              0,       1 meters
  08/21/2018 12:13:56.072,    1.90285e+00,    0.00000e+00,    1.90285e+00,    0.00000e+00,   -1.00000e-02,    0.00000e+00,    2.86349e+04,    0.00000e+00,    4.13885e+02,    0.00000e+00,    1.95895e+00,    0.00000e+00,    4.26086e+02,    0.00000e+00,    1.40012e+02,    0.00000e+00,    3.04259e+01,    0.00000e+00,    3.33014e+01,    0.00000e+00,    9.02078e+00,    0.00000e+00,    9.04799e+00,    0.00000e+00,              3,              0,       1 meters
  08/21/2018 12:13:57.049,    1.90147e+00,    0.00000e+00,    1.90147e+00,    0.00000e+00,   -1.00000e-02,    0.00000e+00,    2.87413e+04,    0.00000e+00,    4.13780e+02,    0.00000e+00,    1.95774e+00,    0.00000e+00,    4.26024e+02,    0.00000e+00,    1.40021e+02,    0.00000e+00,    3.04268e+01,    0.00000e+00,    3.32961e+01,    0.00000e+00,    9.01975e+00,    0.00000e+00,    9.05810e+00,    0.00000e+00,              3,              0,       1 meters
  08/21/2018 12:13:58.026,    1.89720e+00,    0.00000e+00,    1.89720e+00,    0.00000e+00,   -1.00000e-02,    0.00000e+00,    2.85373e+04,    0.00000e+00,    4.14714e+02,    0.00000e+00,    1.95294e+00,    0.00000e+00,    4.26896e+02,    0.00000e+00,    1.40007e+02,    0.00000e+00,    3.04270e+01,    0.00000e+00,    3.32993e+01,    0.00000e+00,    9.02761e+00,    0.00000e+00,    9.04566e+00,    0.00000e+00,              3,              0,       1 meters
  08/21/2018 12:13:59.004,    1.90280e+00,    0.00000e+00,    1.90280e+00,    0.00000e+00,   -1.00000e-02,    0.00000e+00,    2.87026e+04,    0.00000e+00,    4.13550e+02,    0.00000e+00,    1.95903e+00,    0.00000e+00,    4.25771e+02,    0.00000e+00,    1.40027e+02,    0.00000e+00,    3.04262e+01,    0.00000e+00,    3.32940e+01,    0.00000e+00,    9.01756e+00,    0.00000e+00,    9.05913e+00,    0.00000e+00,              3,              0,       1 meters
  08/21/2018 12:13:59.981,    1.90431e+00,    0.00000e+00,    1.90431e+00,    0.00000e+00,   -1.00000e-02,    0.00000e+00,    2.88708e+04,    0.00000e+00,    4.14311e+02,    0.00000e+00,    1.96092e+00,    0.00000e+00,    4.26629e+02,    0.00000e+00,    1.39991e+02,    0.00000e+00,    3.04250e+01,    0.00000e+00,    3.32963e+01,    0.00000e+00,    9.02082e+00,    0.00000e+00,    9.05048e+00,    0.00000e+00,              3,              0,       1 meters
  08/21/2018 12:14:00.958,    1.90314e+00,    0.00000e+00,    1.90314e+00,    0.00000e+00,   -1.00000e-02,    0.00000e+00,    2.88024e+04,    0.00000e+00,    4.12980e+02,    0.00000e+00,    1.95958e+00,    0.00000e+00,    4.25227e+02,    0.00000e+00,    1.40019e+02,    0.00000e+00,    3.04251e+01,    0.00000e+00,    3.32933e+01,    0.00000e+00,    9.01794e+00,    0.00000e+00,    9.05847e+00,    0.00000e+00,              3,              0,       1 meters
  08/21/2018 12:14:01.935,    1.90649e+00,    0.00000e+00,    1.90649e+00,    0.00000e+00,   -1.00000e-02,    0.00000e+00,    2.87883e+04,    0.00000e+00,    4.14456e+02,    0.00000e+00,    1.96300e+00,    0.00000e+00,    4.26741e+02,    0.00000e+00,    1.40008e+02,    0.00000e+00,    3.04272e+01,    0.00000e+00,    3.32884e+01,    0.00000e+00,    9.02146e+00,    0.00000e+00,    9.06053e+00,    0.00000e+00,              3,              0,       1 meters
  08/21/2018 12:14:02.911,    1.90224e+00,    0.00000e+00,    1.90224e+00,    0.00000e+00,   -1.00000e-02,    0.00000e+00,    2.85672e+04,    0.00000e+00,    4.14257e+02,    0.00000e+00,    1.95818e+00,    0.00000e+00,    4.26439e+02,    0.00000e+00,    1.40012e+02,    0.00000e+00,    3.04277e+01,    0.00000e+00,    3.32875e+01,    0.00000e+00,    9.02972e+00,    0.00000e+00,    9.06193e+00,    0.00000e+00,              3,              0,       1 meters
  08/21/2018 12:14:03.888,    1.90008e+00,    0.00000e+00,    1.90008e+00,    0.00000e+00,   -1.00000e-02,    0.00000e+00,    2.87223e+04,    0.00000e+00,    4.13926e+02,    0.00000e+00,    1.95627e+00,    0.00000e+00,    4.26167e+02,    0.00000e+00,    1.40019e+02,    0.00000e+00,    3.04273e+01,    0.00000e+00,    3.32889e+01,    0.00000e+00,    9.02824e+00,    0.00000e+00,    9.05995e+00,    0.00000e+00,              3,              0,       1 meters
  08/21/2018 12:14:04.866,    1.89894e+00,    0.00000e+00,    1.89894e+00,    0.00000e+00,   -1.00000e-02,    0.00000e+00,    2.87281e+04,    0.00000e+00,    4.14565e+02,    0.00000e+00,    1.95511e+00,    0.00000e+00,    4.26827e+02,    0.00000e+00,    1.39979e+02,    0.00000e+00,    3.04277e+01,    0.00000e+00,    3.32921e+01,    0.00000e+00,    9.02772e+00,    0.00000e+00,    9.04556e+00,    0.00000e+00,              3,              0,       1 meters
  08/21/2018 12:14:05.842,    1.90325e+00,    0.00000e+00,    1.90325e+00,    0.00000e+00,   -1.00000e-02,    0.00000e+00,    2.88832e+04,    0.00000e+00,    4.13237e+02,    0.00000e+00,    1.95986e+00,    0.00000e+00,    4.25528e+02,    0.00000e+00,    1.40019e+02,    0.00000e+00,    3.04272e+01,    0.00000e+00,    3.32834e+01,    0.00000e+00,    9.01747e+00,    0.00000e+00,    9.05760e+00,    0.00000e+00,              3,              0,       1 meters
  08/21/2018 12:14:06.819,    1.90246e+00,    0.00000e+00,    1.90246e+00,    0.00000e+00,   -1.00000e-02,    0.00000e+00,    2.90402e+04,    0.00000e+00,    4.13507e+02,    0.00000e+00,    1.95936e+00,    0.00000e+00,    4.25875e+02,    0.00000e+00,    1.40012e+02,    0.00000e+00,    3.04270e+01,    0.00000e+00,    3.32841e+01,    0.00000e+00,    9.01317e+00,    0.00000e+00,    9.05826e+00,    0.00000e+00,              3,              0,       1 meters
  08/21/2018 12:14:07.796,    1.89792e+00,    0.00000e+00,    1.89792e+00,    0.00000e+00,   -1.00000e-02,    0.00000e+00,    2.87515e+04,    0.00000e+00,    4.15204e+02,    0.00000e+00,    1.95410e+00,    0.00000e+00,    4.27495e+02,    0.00000e+00,    1.40009e+02,    0.00000e+00,    3.04270e+01,    0.00000e+00,    3.32809e+01,    0.00000e+00,    9.02706e+00,    0.00000e+00,    9.04348e+00,    0.00000e+00,              3,              0,       1 meters
  08/21/2018 12:14:08.771,    1.90403e+00,    0.00000e+00,    1.90403e+00,    0.00000e+00,   -1.00000e-02,    0.00000e+00,    2.88337e+04,    0.00000e+00,    4.12982e+02,    0.00000e+00,    1.96056e+00,    0.00000e+00,    4.25243e+02,    0.00000e+00,    1.40008e+02,    0.00000e+00,    3.04271e+01,    0.00000e+00,    3.32795e+01,    0.00000e+00,    9.01756e+00,    0.00000e+00,    9.05971e+00,    0.00000e+00,              3,              0,       1 meters
  08/21/2018 12:14:09.748,    1.90015e+00,    0.00000e+00,    1.90015e+00,    0.00000e+00,   -1.00000e-02,    0.00000e+00,    2.89087e+04,    0.00000e+00,    4.13939e+02,    0.00000e+00,    1.95672e+00,    0.00000e+00,    4.26261e+02,    0.00000e+00,    1.40004e+02,    0.00000e+00,    3.04267e+01,    0.00000e+00,    3.32773e+01,    0.00000e+00,    9.02309e+00,    0.00000e+00,    9.04893e+00,    0.00000e+00,              3,              0,       1 meters
