VC:46e9e7d BD:Jun  9 2016 SN:US4300160800001173
                     Time,      [CH4]_ppm,   [CH4]_ppm_sd,     [CH4L]_ppm,  [CH4L]_ppm_sd,     [CH4H]_ppm,  [CH4H]_ppm_sd,      [H2O]_ppm,   [H2O]_ppm_sd,      [CO2]_ppm,   [CO2]_ppm_sd,     [CH4]d_ppm,  [CH4]d_ppm_sd,     [CO2]d_ppm,  [CO2]d_ppm_sd,      GasP_torr,   GasP_torr_sd,         GasT_C,      GasT_C_sd,         AmbT_C,      AmbT_C_sd,         RD0_us,      RD0_us_sd,         RD1_us,      RD1_us_sd,       Fit_Flag,      MIU_VALVE,       MIU_DESC
  07/30/2020 12:47:05.701,    2.20920e+00,    0.00000e+00,    2.20920e+00,    0.00000e+00,   -1.00000e-02,    0.00000e+00,    1.21611e+04,    0.00000e+00,    4.32899e+02,    0.00000e+00,    2.23640e+00,    0.00000e+00,    4.38229e+02,    0.00000e+00,    1.40273e+02,    0.00000e+00,    3.72525e+01,    0.00000e+00,    4.23179e+01,    0.00000e+00,    1.05069e+01,    0.00000e+00,    1.14799e+01,    0.00000e+00,              3,              0,       1 meters
  07/30/2020 12:47:06.696,    2.21093e+00,    0.00000e+00,    2.21093e+00,    0.00000e+00,   -1.00000e-02,    0.00000e+00,    1.21513e+04,    0.00000e+00,    4.36071e+02,    0.00000e+00,    2.23812e+00,    0.00000e+00,    4.41435e+02,    0.00000e+00,    1.40266e+02,    0.00000e+00,    3.72529e+01,    0.00000e+00,    4.23208e+01,    0.00000e+00,    1.05065e+01,    0.00000e+00,    1.14825e+01,    0.00000e+00,              3,              0,       1 meters
  07/30/2020 12:47:07.691,    2.21026e+00,    0.00000e+00,    2.21026e+00,    0.00000e+00,   -1.00000e-02,    0.00000e+00,    1.21848e+04,    0.00000e+00,    4.38184e+02,    0.00000e+00,    2.23752e+00,    0.00000e+00,    4.43589e+02,    0.00000e+00,    1.40264e+02,    0.00000e+00,    3.72533e+01,    0.00000e+00,    4.23226e+01,    0.00000e+00,    1.05028e+01,    0.00000e+00,    1.14816e+01,    0.00000e+00,              3,              0,       1 meters
  07/30/2020 12:47:08.687,    2.21040e+00,    0.00000e+00,    2.21040e+00,    0.00000e+00,   -1.00000e-02,    0.00000e+00,    1.22070e+04,    0.00000e+00,    4.39410e+02,    0.00000e+00,    2.23772e+00,    0.00000e+00,    4.44841e+02,    0.00000e+00,    1.40275e+02,    0.00000e+00,    3.72532e+01,    0.00000e+00,    4.23234e+01,    0.00000e+00,    1.05078e+01,    0.00000e+00,    1.14803e+01,    0.00000e+00,              3,              0,       1 meters
  07/30/2020 12:47:09.682,    2.20966e+00,    0.00000e+00,    2.20966e+00,    0.00000e+00,   -1.00000e-02,    0.00000e+00,    1.22477e+04,    0.00000e+00,    4.40099e+02,    0.00000e+00,    2.23706e+00,    0.00000e+00,    4.45556e+02,    0.00000e+00,    1.40283e+02,    0.00000e+00,    3.72542e+01,    0.00000e+00,    4.23306e+01,    0.00000e+00,    1.05053e+01,    0.00000e+00,    1.14830e+01,    0.00000e+00,              3,              0,       1 meters
  07/30/2020 12:47:10.678,    2.20967e+00,    0.00000e+00,    2.20967e+00,    0.00000e+00,   -1.00000e-02,    0.00000e+00,    1.22270e+04,    0.00000e+00,    4.40704e+02,    0.00000e+00,    2.23703e+00,    0.00000e+00,    4.46159e+02,    0.00000e+00,    1.40269e+02,    0.00000e+00,    3.72546e+01,    0.00000e+00,    4.23342e+01,    0.00000e+00,    1.05062e+01,    0.00000e+00,    1.14861e+01,    0.00000e+00,              3,              0,       1 meters
  07/30/2020 12:47:11.672,    2.21126e+00,    0.00000e+00,    2.21126e+00,    0.00000e+00,   -1.00000e-02,    0.00000e+00,    1.22426e+04,    0.00000e+00,    4.41444e+02,    0.00000e+00,    2.23867e+00,    0.00000e+00,    4.46916e+02,    0.00000e+00,    1.40280e+02,    0.00000e+00,    3.72552e+01,    0.00000e+00,    4.23379e+01,    0.00000e+00,    1.05051e+01,    0.00000e+00,    1.14865e+01,    0.00000e+00,              3,              0,       1 meters
  07/30/2020 12:47:12.668,    2.20921e+00,    0.00000e+00,    2.20921e+00,    0.00000e+00,   -1.00000e-02,    0.00000e+00,    1.22646e+04,    0.00000e+00,    4.42290e+02,    0.00000e+00,    2.23664e+00,    0.00000e+00,    4.47781e+02,    0.00000e+00,    1.40288e+02,    0.00000e+00,    3.72555e+01,    0.00000e+00,    4.23405e+01,    0.00000e+00,    1.05077e+01,    0.00000e+00,    1.14786e+01,    0.00000e+00,              3,              0,       1 meters
  07/30/2020 12:47:13.663,    2.20998e+00,    0.00000e+00,    2.20998e+00,    0.00000e+00,   -1.00000e-02,    0.00000e+00,    1.22695e+04,    0.00000e+00,    4.43574e+02,    0.00000e+00,    2.23743e+00,    0.00000e+00,    4.49084e+02,    0.00000e+00,    1.40297e+02,    0.00000e+00,    3.72560e+01,    0.00000e+00,    4.23432e+01,    0.00000e+00,    1.05053e+01,    0.00000e+00,    1.14831e+01,    0.00000e+00,              3,              0,       1 meters
  07/30/2020 12:47:14.659,    2.20941e+00,    0.00000e+00,    2.20941e+00,    0.00000e+00,   -1.00000e-02,    0.00000e+00,    1.22881e+04,    0.00000e+00,    4.46509e+02,    0.00000e+00,    2.23689e+00,    0.00000e+00,    4.52064e+02,    0.00000e+00,    1.40284e+02,    0.00000e+00,    3.72567e+01,    0.00000e+00,    4.23458e+01,    0.00000e+00,    1.05073e+01,    0.00000e+00,    1.14826e+01,    0.00000e+00,              3,              0,       1 meters
  07/30/2020 12:47:15.654,    2.21063e+00,    0.00000e+00,    2.21063e+00,    0.00000e+00,   -1.00000e-02,    0.00000e+00,    1.22895e+04,    0.00000e+00,    4.55392e+02,    0.00000e+00,    2.23813e+00,    0.00000e+00,    4.61058e+02,    0.00000e+00,    1.40292e+02,    0.00000e+00,    3.72569e+01,    0.00000e+00,    4.23431e+01,    0.00000e+00,    1.05050e+01,    0.00000e+00,    1.14832e+01,    0.00000e+00,              3,              0,       1 meters
  07/30/2020 12:47:16.649,    2.20945e+00,    0.00000e+00,    2.20945e+00,    0.00000e+00,   -1.00000e-02,    0.00000e+00,    1.23206e+04,    0.00000e+00,    4.64325e+02,    0.00000e+00,    2.23702e+00,    0.00000e+00,    4.70117e+02,    0.00000e+00,    1.40294e+02,    0.00000e+00,    3.72575e+01,    0.00000e+00,    4.23377e+01,    0.00000e+00,    1.05074e+01,    0.00000e+00,    1.14851e+01,    0.00000e+00,              3,              0,       1 meters
  07/30/2020 12:47:17.644,    2.21127e+00,    0.00000e+00,    2.21127e+00,    0.00000e+00,   -1.00000e-02,    0.00000e+00,    1.23029e+04,    0.00000e+00,    4.72703e+02,    0.00000e+00,    2.23881e+00,    0.00000e+00,    4.78591e+02,    0.00000e+00,    1.40321e+02,    0.00000e+00,    3.72578e+01,    0.00000e+00,    4.23341e+01,    0.00000e+00,    1.05061e+01,    0.00000e+00,    1.14830e+01,    0.00000e+00,              3,              0,       1 meters
  07/30/2020 12:47:18.643,    2.21110e+00,    0.00000e+00,    2.21110e+00,    0.00000e+00,   -1.00000e-02,    0.00000e+00,    1.23115e+04,    0.00000e+00,    4.78975e+02,    0.00000e+00,    2.23866e+00,    0.00000e+00,    4.84945e+02,    0.00000e+00,    1.40296e+02,    0.00000e+00,    3.72580e+01,    0.00000e+00,    4.23318e+01,    0.00000e+00,    1.05030e+01,    0.00000e+00,    1.14855e+01,    0.00000e+00,              3,              0,       1 meters
  07/30/2020 12:47:19.635,    2.21060e+00,    0.00000e+00,    2.21060e+00,    0.00000e+00,   -1.00000e-02,    0.00000e+00,    1.23053e+04,    0.00000e+00,    4.82898e+02,    0.00000e+00,    2.23814e+00,    0.00000e+00,    4.88914e+02,    0.00000e+00,    1.40291e+02,    0.00000e+00,    3.72589e+01,    0.00000e+00,    4.23345e+01,    0.00000e+00,    1.05055e+01,    0.00000e+00,    1.14800e+01,    0.00000e+00,              3,              0,       1 meters
  07/30/2020 12:47:20.631,    2.20983e+00,    0.00000e+00,    2.20983e+00,    0.00000e+00,   -1.00000e-02,    0.00000e+00,    1.22893e+04,    0.00000e+00,    4.83637e+02,    0.00000e+00,    2.23733e+00,    0.00000e+00,    4.89654e+02,    0.00000e+00,    1.40275e+02,    0.00000e+00,    3.72597e+01,    0.00000e+00,    4.23390e+01,    0.00000e+00,    1.05074e+01,    0.00000e+00,    1.14861e+01,    0.00000e+00,              3,              0,       1 meters
  07/30/2020 12:47:21.626,    2.21031e+00,    0.00000e+00,    2.21031e+00,    0.00000e+00,   -1.00000e-02,    0.00000e+00,    1.22845e+04,    0.00000e+00,    4.81903e+02,    0.00000e+00,    2.23780e+00,    0.00000e+00,    4.87897e+02,    0.00000e+00,    1.40288e+02,    0.00000e+00,    3.72600e+01,    0.00000e+00,    4.23417e+01,    0.00000e+00,    1.05097e+01,    0.00000e+00,    1.14850e+01,    0.00000e+00,              3,              0,       1 meters
  07/30/2020 12:47:22.622,    2.21040e+00,    0.00000e+00,    2.21040e+00,    0.00000e+00,   -1.00000e-02,    0.00000e+00,    1.23634e+04,    0.00000e+00,    4.78402e+02,    0.00000e+00,    2.23807e+00,    0.00000e+00,    4.84390e+02,    0.00000e+00,    1.40283e+02,    0.00000e+00,    3.72606e+01,    0.00000e+00,    4.23453e+01,    0.00000e+00,    1.05063e+01,    0.00000e+00,    1.14852e+01,    0.00000e+00,              3,              0,       1 meters
  07/30/2020 12:47:23.616,    2.21181e+00,    0.00000e+00,    2.21181e+00,    0.00000e+00,   -1.00000e-02,    0.00000e+00,    1.23014e+04,    0.00000e+00,    4.74800e+02,    0.00000e+00,    2.23936e+00,    0.00000e+00,    4.80713e+02,    0.00000e+00,    1.40264e+02,    0.00000e+00,    3.72613e+01,    0.00000e+00,    4.23501e+01,    0.00000e+00,    1.05040e+01,    0.00000e+00,    1.14773e+01,    0.00000e+00,              3,              0,       1 meters
  07/30/2020 12:47:24.612,    2.21172e+00,    0.00000e+00,    2.21172e+00,    0.00000e+00,   -1.00000e-02,    0.00000e+00,    1.22935e+04,    0.00000e+00,    4.70736e+02,    0.00000e+00,    2.23925e+00,    0.00000e+00,    4.76595e+02,    0.00000e+00,    1.40249e+02,    0.00000e+00,    3.72618e+01,    0.00000e+00,    4.23526e+01,    0.00000e+00,    1.05070e+01,    0.00000e+00,    1.14853e+01,    0.00000e+00,              3,              0,       1 meters
  07/30/2020 12:47:25.609,    2.21064e+00,    0.00000e+00,    2.21064e+00,    0.00000e+00,   -1.00000e-02,    0.00000e+00,    1.23465e+04,    0.00000e+00,    4.67592e+02,    0.00000e+00,    2.23828e+00,    0.00000e+00,    4.73437e+02,    0.00000e+00,    1.40240e+02,    0.00000e+00,    3.72623e+01,    0.00000e+00,    4.23567e+01,    0.00000e+00,    1.05066e+01,    0.00000e+00,    1.14832e+01,    0.00000e+00,              3,              0,       1 meters
  07/30/2020 12:47:26.604,    2.21055e+00,    0.00000e+00,    2.21055e+00,    0.00000e+00,   -1.00000e-02,    0.00000e+00,    1.23367e+04,    0.00000e+00,    4.63916e+02,    0.00000e+00,    2.23816e+00,    0.00000e+00,    4.69711e+02,    0.00000e+00,    1.40257e+02,    0.00000e+00,    3.72628e+01,    0.00000e+00,    4.23599e+01,    0.00000e+00,    1.05102e+01,    0.00000e+00,    1.14861e+01,    0.00000e+00,              3,              0,       1 meters
  07/30/2020 12:47:27.600,    2.21045e+00,    0.00000e+00,    2.21045e+00,    0.00000e+00,   -1.00000e-02,    0.00000e+00,    1.23862e+04,    0.00000e+00,    4.61457e+02,    0.00000e+00,    2.23818e+00,    0.00000e+00,    4.67244e+02,    0.00000e+00,    1.40246e+02,    0.00000e+00,    3.72630e+01,    0.00000e+00,    4.23623e+01,    0.00000e+00,    1.05098e+01,    0.00000e+00,    1.14831e+01,    0.00000e+00,              3,              0,       1 meters
  07/30/2020 12:47:28.595,    2.21106e+00,    0.00000e+00,    2.21106e+00,    0.00000e+00,   -1.00000e-02,    0.00000e+00,    1.24219e+04,    0.00000e+00,    4.59009e+02,    0.00000e+00,    2.23887e+00,    0.00000e+00,    4.64783e+02,    0.00000e+00,    1.40249e+02,    0.00000e+00,    3.72638e+01,    0.00000e+00,    4.23673e+01,    0.00000e+00,    1.05050e+01,    0.00000e+00,    1.14850e+01,    0.00000e+00,              3,              0,       1 meters
  07/30/2020 12:47:29.591,    2.21054e+00,    0.00000e+00,    2.21054e+00,    0.00000e+00,   -1.00000e-02,    0.00000e+00,    1.24594e+04,    0.00000e+00,    4.58621e+02,    0.00000e+00,    2.23843e+00,    0.00000e+00,    4.64408e+02,    0.00000e+00,    1.40219e+02,    0.00000e+00,    3.72645e+01,    0.00000e+00,    4.23705e+01,    0.00000e+00,    1.05069e+01,    0.00000e+00,    1.14842e+01,    0.00000e+00,              3,              0,       1 meters
  07/30/2020 12:47:30.586,    2.21223e+00,    0.00000e+00,    2.21223e+00,    0.00000e+00,   -1.00000e-02,    0.00000e+00,    1.24785e+04,    0.00000e+00,    4.58777e+02,    0.00000e+00,    2.24019e+00,    0.00000e+00,    4.64574e+02,    0.00000e+00,    1.40247e+02,    0.00000e+00,    3.72651e+01,    0.00000e+00,    4.23717e+01,    0.00000e+00,    1.05033e+01,    0.00000e+00,    1.14829e+01,    0.00000e+00,              3,              0,       1 meters
  07/30/2020 12:47:31.581,    2.21115e+00,    0.00000e+00,    2.21115e+00,    0.00000e+00,   -1.00000e-02,    0.00000e+00,    1.25065e+04,    0.00000e+00,    4.61247e+02,    0.00000e+00,    2.23915e+00,    0.00000e+00,    4.67089e+02,    0.00000e+00,    1.40251e+02,    0.00000e+00,    3.72655e+01,    0.00000e+00,    4.23721e+01,    0.00000e+00,    1.05045e+01,    0.00000e+00,    1.14781e+01,    0.00000e+00,              3,              0,       1 meters
  07/30/2020 12:47:32.576,    2.21110e+00,    0.00000e+00,    2.21110e+00,    0.00000e+00,   -1.00000e-02,    0.00000e+00,    1.24760e+04,    0.00000e+00,    4.63168e+02,    0.00000e+00,    2.23903e+00,    0.00000e+00,    4.69019e+02,    0.00000e+00,    1.40256e+02,    0.00000e+00,    3.72658e+01,    0.00000e+00,    4.23728e+01,    0.00000e+00,    1.05063e+01,    0.00000e+00,    1.14812e+01,    0.00000e+00,              3,              0,       1 meters
  07/30/2020 12:47:33.572,    2.20989e+00,    0.00000e+00,    2.20989e+00,    0.00000e+00,   -1.00000e-02,    0.00000e+00,    1.25191e+04,    0.00000e+00,    4.64587e+02,    0.00000e+00,    2.23791e+00,    0.00000e+00,    4.70477e+02,    0.00000e+00,    1.40247e+02,    0.00000e+00,    3.72667e+01,    0.00000e+00,    4.23760e+01,    0.00000e+00,    1.05079e+01,    0.00000e+00,    1.14796e+01,    0.00000e+00,              3,              0,       1 meters
  07/30/2020 12:47:34.567,    2.21011e+00,    0.00000e+00,    2.21011e+00,    0.00000e+00,   -1.00000e-02,    0.00000e+00,    1.25204e+04,    0.00000e+00,    4.64414e+02,    0.00000e+00,    2.23814e+00,    0.00000e+00,    4.70302e+02,    0.00000e+00,    1.40252e+02,    0.00000e+00,    3.72671e+01,    0.00000e+00,    4.23759e+01,    0.00000e+00,    1.05056e+01,    0.00000e+00,    1.14798e+01,    0.00000e+00,              3,              0,       1 meters
  07/30/2020 12:47:35.562,    2.20922e+00,    0.00000e+00,    2.20922e+00,    0.00000e+00,   -1.00000e-02,    0.00000e+00,    1.25137e+04,    0.00000e+00,    4.63124e+02,    0.00000e+00,    2.23721e+00,    0.00000e+00,    4.68993e+02,    0.00000e+00,    1.40260e+02,    0.00000e+00,    3.72676e+01,    0.00000e+00,    4.23790e+01,    0.00000e+00,    1.05057e+01,    0.00000e+00,    1.14808e+01,    0.00000e+00,              3,              0,       1 meters
  07/30/2020 12:47:36.558,    2.20936e+00,    0.00000e+00,    2.20936e+00,    0.00000e+00,   -1.00000e-02,    0.00000e+00,    1.24953e+04,    0.00000e+00,    4.60920e+02,    0.00000e+00,    2.23731e+00,    0.00000e+00,    4.66752e+02,    0.00000e+00,    1.40268e+02,    0.00000e+00,    3.72682e+01,    0.00000e+00,    4.23800e+01,    0.00000e+00,    1.05083e+01,    0.00000e+00,    1.14815e+01,    0.00000e+00,              3,              0,       1 meters
  07/30/2020 12:47:37.553,    2.21009e+00,    0.00000e+00,    2.21009e+00,    0.00000e+00,   -1.00000e-02,    0.00000e+00,    1.24538e+04,    0.00000e+00,    4.58547e+02,    0.00000e+00,    2.23796e+00,    0.00000e+00,    4.64330e+02,    0.00000e+00,    1.40256e+02,    0.00000e+00,    3.72688e+01,    0.00000e+00,    4.23819e+01,    0.00000e+00,    1.05070e+01,    0.00000e+00,    1.14852e+01,    0.00000e+00,              3,              0,       1 meters
  07/30/2020 12:47:38.548,    2.21075e+00,    0.00000e+00,    2.21075e+00,    0.00000e+00,   -1.00000e-02,    0.00000e+00,    1.24552e+04,    0.00000e+00,    4.56610e+02,    0.00000e+00,    2.23863e+00,    0.00000e+00,    4.62369e+02,    0.00000e+00,    1.40263e+02,    0.00000e+00,    3.72693e+01,    0.00000e+00,    4.23853e+01,    0.00000e+00,    1.05070e+01,    0.00000e+00,    1.14803e+01,    0.00000e+00,              3,              0,       1 meters
  07/30/2020 12:47:39.542,    2.21110e+00,    0.00000e+00,    2.21110e+00,    0.00000e+00,   -1.00000e-02,    0.00000e+00,    1.24364e+04,    0.00000e+00,    4.54298e+02,    0.00000e+00,    2.23894e+00,    0.00000e+00,    4.60019e+02,    0.00000e+00,    1.40272e+02,    0.00000e+00,    3.72697e+01,    0.00000e+00,    4.23859e+01,    0.00000e+00,    1.05055e+01,    0.00000e+00,    1.14844e+01,    0.00000e+00,              3,              0,       1 meters
  07/30/2020 12:47:40.538,    2.21117e+00,    0.00000e+00,    2.21117e+00,    0.00000e+00,   -1.00000e-02,    0.00000e+00,    1.24374e+04,    0.00000e+00,    4.52475e+02,    0.00000e+00,    2.23902e+00,    0.00000e+00,    4.58173e+02,    0.00000e+00,    1.40270e+02,    0.00000e+00,    3.72696e+01,    0.00000e+00,    4.23817e+01,    0.00000e+00,    1.05039e+01,    0.00000e+00,    1.14843e+01,    0.00000e+00,              3,              0,       1 meters
  07/30/2020 12:47:41.534,    2.20935e+00,    0.00000e+00,    2.20935e+00,    0.00000e+00,   -1.00000e-02,    0.00000e+00,    1.23675e+04,    0.00000e+00,    4.51185e+02,    0.00000e+00,    2.23702e+00,    0.00000e+00,    4.56835e+02,    0.00000e+00,    1.40267e+02,    0.00000e+00,    3.72706e+01,    0.00000e+00,    4.23897e+01,    0.00000e+00,    1.05083e+01,    0.00000e+00,    1.14829e+01,    0.00000e+00,              3,              0,       1 meters
  07/30/2020 12:47:42.528,    2.20928e+00,    0.00000e+00,    2.20928e+00,    0.00000e+00,   -1.00000e-02,    0.00000e+00,    1.23768e+04,    0.00000e+00,    4.50296e+02,    0.00000e+00,    2.23697e+00,    0.00000e+00,    4.55939e+02,    0.00000e+00,    1.40275e+02,    0.00000e+00,    3.72711e+01,    0.00000e+00,    4.23947e+01,    0.00000e+00,    1.05086e+01,    0.00000e+00,    1.14833e+01,    0.00000e+00,              3,              0,       1 meters
  07/30/2020 12:47:43.524,    2.21126e+00,    0.00000e+00,    2.21126e+00,    0.00000e+00,   -1.00000e-02,    0.00000e+00,    1.23630e+04,    0.00000e+00,    4.49896e+02,    0.00000e+00,    2.23894e+00,    0.00000e+00,    4.55528e+02,    0.00000e+00,    1.40286e+02,    0.00000e+00,    3.72716e+01,    0.00000e+00,    4.23970e+01,    0.00000e+00,    1.05040e+01,    0.00000e+00,    1.14827e+01,    0.00000e+00,              3,              0,       1 meters
  07/30/2020 12:47:44.518,    2.21063e+00,    0.00000e+00,    2.21063e+00,    0.00000e+00,   -1.00000e-02,    0.00000e+00,    1.23769e+04,    0.00000e+00,    4.49948e+02,    0.00000e+00,    2.23834e+00,    0.00000e+00,    4.55586e+02,    0.00000e+00,    1.40310e+02,    0.00000e+00,    3.72719e+01,    0.00000e+00,    4.23978e+01,    0.00000e+00,    1.05065e+01,    0.00000e+00,    1.14811e+01,    0.00000e+00,              3,              0,       1 meters
  07/30/2020 12:47:45.514,    2.21014e+00,    0.00000e+00,    2.21014e+00,    0.00000e+00,   -1.00000e-02,    0.00000e+00,    1.23699e+04,    0.00000e+00,    4.49468e+02,    0.00000e+00,    2.23782e+00,    0.00000e+00,    4.55097e+02,    0.00000e+00,    1.40278e+02,    0.00000e+00,    3.72726e+01,    0.00000e+00,    4.24045e+01,    0.00000e+00,    1.05060e+01,    0.00000e+00,    1.14833e+01,    0.00000e+00,              3,              0,       1 meters
  07/30/2020 12:47:46.510,    2.21155e+00,    0.00000e+00,    2.21155e+00,    0.00000e+00,   -1.00000e-02,    0.00000e+00,    1.23411e+04,    0.00000e+00,    4.51542e+02,    0.00000e+00,    2.23919e+00,    0.00000e+00,    4.57184e+02,    0.00000e+00,    1.40291e+02,    0.00000e+00,    3.72729e+01,    0.00000e+00,    4.24083e+01,    0.00000e+00,    1.05060e+01,    0.00000e+00,    1.14830e+01,    0.00000e+00,              3,              0,       1 meters
  07/30/2020 12:47:47.505,    2.21002e+00,    0.00000e+00,    2.21002e+00,    0.00000e+00,   -1.00000e-02,    0.00000e+00,    1.23266e+04,    0.00000e+00,    4.57597e+02,    0.00000e+00,    2.23761e+00,    0.00000e+00,    4.63308e+02,    0.00000e+00,    1.40298e+02,    0.00000e+00,    3.72730e+01,    0.00000e+00,    4.24099e+01,    0.00000e+00,    1.05079e+01,    0.00000e+00,    1.14822e+01,    0.00000e+00,              3,              0,       1 meters
  07/30/2020 12:47:48.501,    2.21155e+00,    0.00000e+00,    2.21155e+00,    0.00000e+00,   -1.00000e-02,    0.00000e+00,    1.23517e+04,    0.00000e+00,    4.63128e+02,    0.00000e+00,    2.23920e+00,    0.00000e+00,    4.68920e+02,    0.00000e+00,    1.40284e+02,    0.00000e+00,    3.72744e+01,    0.00000e+00,    4.24125e+01,    0.00000e+00,    1.05041e+01,    0.00000e+00,    1.14821e+01,    0.00000e+00,              3,              0,       1 meters
  07/30/2020 12:47:49.511,    2.21008e+00,    0.00000e+00,    2.21008e+00,    0.00000e+00,   -1.00000e-02,    0.00000e+00,    1.23125e+04,    0.00000e+00,    4.71120e+02,    0.00000e+00,    2.23763e+00,    0.00000e+00,    4.76993e+02,    0.00000e+00,    1.40292e+02,    0.00000e+00,    3.72729e+01,    0.00000e+00,    4.23999e+01,    0.00000e+00,    1.05047e+01,    0.00000e+00,    1.14763e+01,    0.00000e+00,              3,              0,       1 meters
  07/30/2020 12:47:50.504,    2.20919e+00,    0.00000e+00,    2.20919e+00,    0.00000e+00,   -1.00000e-02,    0.00000e+00,    1.23178e+04,    0.00000e+00,    4.78605e+02,    0.00000e+00,    2.23674e+00,    0.00000e+00,    4.84574e+02,    0.00000e+00,    1.40291e+02,    0.00000e+00,    3.72741e+01,    0.00000e+00,    4.24044e+01,    0.00000e+00,    1.05090e+01,    0.00000e+00,    1.14802e+01,    0.00000e+00,              3,              0,       1 meters
  07/30/2020 12:47:51.487,    2.21049e+00,    0.00000e+00,    2.21049e+00,    0.00000e+00,   -1.00000e-02,    0.00000e+00,    1.22972e+04,    0.00000e+00,    4.81552e+02,    0.00000e+00,    2.23801e+00,    0.00000e+00,    4.87548e+02,    0.00000e+00,    1.40272e+02,    0.00000e+00,    3.72745e+01,    0.00000e+00,    4.24054e+01,    0.00000e+00,    1.05070e+01,    0.00000e+00,    1.14866e+01,    0.00000e+00,              3,              0,       1 meters
  07/30/2020 12:47:52.501,    2.20920e+00,    0.00000e+00,    2.20920e+00,    0.00000e+00,   -1.00000e-02,    0.00000e+00,    1.22526e+04,    0.00000e+00,    4.83157e+02,    0.00000e+00,    2.23660e+00,    0.00000e+00,    4.89151e+02,    0.00000e+00,    1.40261e+02,    0.00000e+00,    3.72757e+01,    0.00000e+00,    4.24126e+01,    0.00000e+00,    1.05088e+01,    0.00000e+00,    1.14828e+01,    0.00000e+00,              3,              0,       1 meters
  07/30/2020 12:47:53.480,    2.21099e+00,    0.00000e+00,    2.21099e+00,    0.00000e+00,   -1.00000e-02,    0.00000e+00,    1.22877e+04,    0.00000e+00,    4.81730e+02,    0.00000e+00,    2.23849e+00,    0.00000e+00,    4.87723e+02,    0.00000e+00,    1.40262e+02,    0.00000e+00,    3.72763e+01,    0.00000e+00,    4.24118e+01,    0.00000e+00,    1.05050e+01,    0.00000e+00,    1.14833e+01,    0.00000e+00,              3,              0,       1 meters
  07/30/2020 12:47:54.476,    2.20863e+00,    0.00000e+00,    2.20863e+00,    0.00000e+00,   -1.00000e-02,    0.00000e+00,    1.22753e+04,    0.00000e+00,    4.80001e+02,    0.00000e+00,    2.23608e+00,    0.00000e+00,    4.85967e+02,    0.00000e+00,    1.40266e+02,    0.00000e+00,    3.72769e+01,    0.00000e+00,    4.24100e+01,    0.00000e+00,    1.05044e+01,    0.00000e+00,    1.14824e+01,    0.00000e+00,              3,              0,       1 meters
  07/30/2020 12:47:55.467,    2.20933e+00,    0.00000e+00,    2.20933e+00,    0.00000e+00,   -1.00000e-02,    0.00000e+00,    1.22798e+04,    0.00000e+00,    4.78592e+02,    0.00000e+00,    2.23680e+00,    0.00000e+00,    4.84542e+02,    0.00000e+00,    1.40284e+02,    0.00000e+00,    3.72774e+01,    0.00000e+00,    4.24168e+01,    0.00000e+00,    1.05074e+01,    0.00000e+00,    1.14816e+01,    0.00000e+00,              3,              0,       1 meters
  07/30/2020 12:47:56.463,    2.20996e+00,    0.00000e+00,    2.20996e+00,    0.00000e+00,   -1.00000e-02,    0.00000e+00,    1.22629e+04,    0.00000e+00,    4.77455e+02,    0.00000e+00,    2.23740e+00,    0.00000e+00,    4.83382e+02,    0.00000e+00,    1.40282e+02,    0.00000e+00,    3.72783e+01,    0.00000e+00,    4.24251e+01,    0.00000e+00,    1.05067e+01,    0.00000e+00,    1.14838e+01,    0.00000e+00,              3,              0,       1 meters
  07/30/2020 12:47:57.458,    2.20884e+00,    0.00000e+00,    2.20884e+00,    0.00000e+00,   -1.00000e-02,    0.00000e+00,    1.22544e+04,    0.00000e+00,    4.75286e+02,    0.00000e+00,    2.23625e+00,    0.00000e+00,    4.81182e+02,    0.00000e+00,    1.40260e+02,    0.00000e+00,    3.72791e+01,    0.00000e+00,    4.24318e+01,    0.00000e+00,    1.05077e+01,    0.00000e+00,    1.14823e+01,    0.00000e+00,              3,              0,       1 meters
  07/30/2020 12:47:58.453,    2.20909e+00,    0.00000e+00,    2.20909e+00,    0.00000e+00,   -1.00000e-02,    0.00000e+00,    1.22380e+04,    0.00000e+00,    4.72144e+02,    0.00000e+00,    2.23646e+00,    0.00000e+00,    4.77993e+02,    0.00000e+00,    1.40249e+02,    0.00000e+00,    3.72797e+01,    0.00000e+00,    4.24328e+01,    0.00000e+00,    1.05101e+01,    0.00000e+00,    1.14834e+01,    0.00000e+00,              3,              0,       1 meters
  07/30/2020 12:47:59.449,    2.21013e+00,    0.00000e+00,    2.21013e+00,    0.00000e+00,   -1.00000e-02,    0.00000e+00,    1.22380e+04,    0.00000e+00,    4.69360e+02,    0.00000e+00,    2.23751e+00,    0.00000e+00,    4.75176e+02,    0.00000e+00,    1.40238e+02,    0.00000e+00,    3.72805e+01,    0.00000e+00,    4.24374e+01,    0.00000e+00,    1.05069e+01,    0.00000e+00,    1.14771e+01,    0.00000e+00,              3,              0,       1 meters
  07/30/2020 12:48:00.446,    2.20999e+00,    0.00000e+00,    2.20999e+00,    0.00000e+00,   -1.00000e-02,    0.00000e+00,    1.22228e+04,    0.00000e+00,    4.66856e+02,    0.00000e+00,    2.23733e+00,    0.00000e+00,    4.72632e+02,    0.00000e+00,    1.40254e+02,    0.00000e+00,    3.72808e+01,    0.00000e+00,    4.24404e+01,    0.00000e+00,    1.05066e+01,    0.00000e+00,    1.14799e+01,    0.00000e+00,              3,              0,       1 meters
  07/30/2020 12:48:01.440,    2.21169e+00,    0.00000e+00,    2.21169e+00,    0.00000e+00,   -1.00000e-02,    0.00000e+00,    1.22110e+04,    0.00000e+00,    4.63895e+02,    0.00000e+00,    2.23903e+00,    0.00000e+00,    4.69630e+02,    0.00000e+00,    1.40247e+02,    0.00000e+00,    3.72815e+01,    0.00000e+00,    4.24421e+01,    0.00000e+00,    1.05016e+01,    0.00000e+00,    1.14797e+01,    0.00000e+00,              3,              0,       1 meters
  07/30/2020 12:48:02.436,    2.20929e+00,    0.00000e+00,    2.20929e+00,    0.00000e+00,   -1.00000e-02,    0.00000e+00,    1.22190e+04,    0.00000e+00,    4.60584e+02,    0.00000e+00,    2.23662e+00,    0.00000e+00,    4.66282e+02,    0.00000e+00,    1.40250e+02,    0.00000e+00,    3.72821e+01,    0.00000e+00,    4.24405e+01,    0.00000e+00,    1.05098e+01,    0.00000e+00,    1.14840e+01,    0.00000e+00,              3,              0,       1 meters
  07/30/2020 12:48:03.431,    2.21057e+00,    0.00000e+00,    2.21057e+00,    0.00000e+00,   -1.00000e-02,    0.00000e+00,    1.22145e+04,    0.00000e+00,    4.57584e+02,    0.00000e+00,    2.23790e+00,    0.00000e+00,    4.63242e+02,    0.00000e+00,    1.40217e+02,    0.00000e+00,    3.72826e+01,    0.00000e+00,    4.24410e+01,    0.00000e+00,    1.05048e+01,    0.00000e+00,    1.14807e+01,    0.00000e+00,              3,              0,       1 meters
  07/30/2020 12:48:04.426,    2.21024e+00,    0.00000e+00,    2.21024e+00,    0.00000e+00,   -1.00000e-02,    0.00000e+00,    1.21931e+04,    0.00000e+00,    4.55730e+02,    0.00000e+00,    2.23752e+00,    0.00000e+00,    4.61356e+02,    0.00000e+00,    1.40246e+02,    0.00000e+00,    3.72830e+01,    0.00000e+00,    4.24409e+01,    0.00000e+00,    1.05062e+01,    0.00000e+00,    1.14839e+01,    0.00000e+00,              3,              0,       1 meters
  07/30/2020 12:48:05.423,    2.21065e+00,    0.00000e+00,    2.21065e+00,    0.00000e+00,   -1.00000e-02,    0.00000e+00,    1.21963e+04,    0.00000e+00,    4.53049e+02,    0.00000e+00,    2.23794e+00,    0.00000e+00,    4.58642e+02,    0.00000e+00,    1.40248e+02,    0.00000e+00,    3.72836e+01,    0.00000e+00,    4.24424e+01,    0.00000e+00,    1.05033e+01,    0.00000e+00,    1.14838e+01,    0.00000e+00,              3,              0,       1 meters
  07/30/2020 12:48:06.417,    2.20885e+00,    0.00000e+00,    2.20885e+00,    0.00000e+00,   -1.00000e-02,    0.00000e+00,    1.21628e+04,    0.00000e+00,    4.50291e+02,    0.00000e+00,    2.23604e+00,    0.00000e+00,    4.55835e+02,    0.00000e+00,    1.40255e+02,    0.00000e+00,    3.72841e+01,    0.00000e+00,    4.24455e+01,    0.00000e+00,    1.05066e+01,    0.00000e+00,    1.14804e+01,    0.00000e+00,              3,              0,       1 meters
  07/30/2020 12:48:07.412,    2.20908e+00,    0.00000e+00,    2.20908e+00,    0.00000e+00,   -1.00000e-02,    0.00000e+00,    1.21445e+04,    0.00000e+00,    4.47036e+02,    0.00000e+00,    2.23624e+00,    0.00000e+00,    4.52532e+02,    0.00000e+00,    1.40247e+02,    0.00000e+00,    3.72846e+01,    0.00000e+00,    4.24470e+01,    0.00000e+00,    1.05063e+01,    0.00000e+00,    1.14849e+01,    0.00000e+00,              3,              0,       1 meters
  07/30/2020 12:48:08.407,    2.20980e+00,    0.00000e+00,    2.20980e+00,    0.00000e+00,   -1.00000e-02,    0.00000e+00,    1.21172e+04,    0.00000e+00,    4.44177e+02,    0.00000e+00,    2.23691e+00,    0.00000e+00,    4.49625e+02,    0.00000e+00,    1.40251e+02,    0.00000e+00,    3.72850e+01,    0.00000e+00,    4.24529e+01,    0.00000e+00,    1.05045e+01,    0.00000e+00,    1.14828e+01,    0.00000e+00,              3,              0,       1 meters
  07/30/2020 12:48:09.402,    2.20924e+00,    0.00000e+00,    2.20924e+00,    0.00000e+00,   -1.00000e-02,    0.00000e+00,    1.20914e+04,    0.00000e+00,    4.41921e+02,    0.00000e+00,    2.23628e+00,    0.00000e+00,    4.47330e+02,    0.00000e+00,    1.40257e+02,    0.00000e+00,    3.72856e+01,    0.00000e+00,    4.24528e+01,    0.00000e+00,    1.05079e+01,    0.00000e+00,    1.14813e+01,    0.00000e+00,              3,              0,       1 meters
  07/30/2020 12:48:10.397,    2.20929e+00,    0.00000e+00,    2.20929e+00,    0.00000e+00,   -1.00000e-02,    0.00000e+00,    1.20703e+04,    0.00000e+00,    4.39162e+02,    0.00000e+00,    2.23628e+00,    0.00000e+00,    4.44527e+02,    0.00000e+00,    1.40240e+02,    0.00000e+00,    3.72864e+01,    0.00000e+00,    4.24567e+01,    0.00000e+00,    1.05053e+01,    0.00000e+00,    1.14858e+01,    0.00000e+00,              3,              0,       1 meters
  07/30/2020 12:48:11.394,    2.20916e+00,    0.00000e+00,    2.20916e+00,    0.00000e+00,   -1.00000e-02,    0.00000e+00,    1.20351e+04,    0.00000e+00,    4.36850e+02,    0.00000e+00,    2.23607e+00,    0.00000e+00,    4.42171e+02,    0.00000e+00,    1.40254e+02,    0.00000e+00,    3.72866e+01,    0.00000e+00,    4.24576e+01,    0.00000e+00,    1.05064e+01,    0.00000e+00,    1.14802e+01,    0.00000e+00,              3,              0,       1 meters
  07/30/2020 12:48:12.388,    2.21034e+00,    0.00000e+00,    2.21034e+00,    0.00000e+00,   -1.00000e-02,    0.00000e+00,    1.20300e+04,    0.00000e+00,    4.35365e+02,    0.00000e+00,    2.23726e+00,    0.00000e+00,    4.40666e+02,    0.00000e+00,    1.40261e+02,    0.00000e+00,    3.72872e+01,    0.00000e+00,    4.24576e+01,    0.00000e+00,    1.05042e+01,    0.00000e+00,    1.14822e+01,    0.00000e+00,              3,              0,       1 meters
  07/30/2020 12:48:13.384,    2.20913e+00,    0.00000e+00,    2.20913e+00,    0.00000e+00,   -1.00000e-02,    0.00000e+00,    1.20042e+04,    0.00000e+00,    4.33930e+02,    0.00000e+00,    2.23597e+00,    0.00000e+00,    4.39202e+02,    0.00000e+00,    1.40248e+02,    0.00000e+00,    3.72881e+01,    0.00000e+00,    4.24582e+01,    0.00000e+00,    1.05083e+01,    0.00000e+00,    1.14808e+01,    0.00000e+00,              3,              0,       1 meters
  07/30/2020 12:48:14.379,    2.20844e+00,    0.00000e+00,    2.20844e+00,    0.00000e+00,   -1.00000e-02,    0.00000e+00,    1.19466e+04,    0.00000e+00,    4.32400e+02,    0.00000e+00,    2.23515e+00,    0.00000e+00,    4.37628e+02,    0.00000e+00,    1.40257e+02,    0.00000e+00,    3.72882e+01,    0.00000e+00,    4.24597e+01,    0.00000e+00,    1.05083e+01,    0.00000e+00,    1.14839e+01,    0.00000e+00,              3,              0,       1 meters
  07/30/2020 12:48:15.376,    2.20957e+00,    0.00000e+00,    2.20957e+00,    0.00000e+00,   -1.00000e-02,    0.00000e+00,    1.19221e+04,    0.00000e+00,    4.31423e+02,    0.00000e+00,    2.23623e+00,    0.00000e+00,    4.36629e+02,    0.00000e+00,    1.40266e+02,    0.00000e+00,    3.72887e+01,    0.00000e+00,    4.24600e+01,    0.00000e+00,    1.05066e+01,    0.00000e+00,    1.14808e+01,    0.00000e+00,              3,              0,       1 meters
  07/30/2020 12:48:16.371,    2.21017e+00,    0.00000e+00,    2.21017e+00,    0.00000e+00,   -1.00000e-02,    0.00000e+00,    1.19671e+04,    0.00000e+00,    4.30820e+02,    0.00000e+00,    2.23694e+00,    0.00000e+00,    4.36038e+02,    0.00000e+00,    1.40277e+02,    0.00000e+00,    3.72894e+01,    0.00000e+00,    4.24663e+01,    0.00000e+00,    1.05039e+01,    0.00000e+00,    1.14798e+01,    0.00000e+00,              3,              0,       1 meters
  07/30/2020 12:48:17.367,    2.20986e+00,    0.00000e+00,    2.20986e+00,    0.00000e+00,   -1.00000e-02,    0.00000e+00,    1.19099e+04,    0.00000e+00,    4.30190e+02,    0.00000e+00,    2.23650e+00,    0.00000e+00,    4.35375e+02,    0.00000e+00,    1.40283e+02,    0.00000e+00,    3.72899e+01,    0.00000e+00,    4.24659e+01,    0.00000e+00,    1.05062e+01,    0.00000e+00,    1.14836e+01,    0.00000e+00,              3,              0,       1 meters
  07/30/2020 12:48:18.362,    2.20804e+00,    0.00000e+00,    2.20804e+00,    0.00000e+00,   -1.00000e-02,    0.00000e+00,    1.19436e+04,    0.00000e+00,    4.29744e+02,    0.00000e+00,    2.23474e+00,    0.00000e+00,    4.34939e+02,    0.00000e+00,    1.40306e+02,    0.00000e+00,    3.72901e+01,    0.00000e+00,    4.24706e+01,    0.00000e+00,    1.05074e+01,    0.00000e+00,    1.14840e+01,    0.00000e+00,              3,              0,       1 meters
  07/30/2020 12:48:19.358,    2.21060e+00,    0.00000e+00,    2.21060e+00,    0.00000e+00,   -1.00000e-02,    0.00000e+00,    1.19249e+04,    0.00000e+00,    4.30097e+02,    0.00000e+00,    2.23728e+00,    0.00000e+00,    4.35288e+02,    0.00000e+00,    1.40279e+02,    0.00000e+00,    3.72908e+01,    0.00000e+00,    4.24732e+01,    0.00000e+00,    1.05081e+01,    0.00000e+00,    1.14839e+01,    0.00000e+00,              3,              0,       1 meters
  07/30/2020 12:48:20.353,    2.21010e+00,    0.00000e+00,    2.21010e+00,    0.00000e+00,   -1.00000e-02,    0.00000e+00,    1.19547e+04,    0.00000e+00,    4.31193e+02,    0.00000e+00,    2.23684e+00,    0.00000e+00,    4.36411e+02,    0.00000e+00,    1.40287e+02,    0.00000e+00,    3.72914e+01,    0.00000e+00,    4.24717e+01,    0.00000e+00,    1.05053e+01,    0.00000e+00,    1.14846e+01,    0.00000e+00,              3,              0,       1 meters
  07/30/2020 12:48:21.349,    2.21030e+00,    0.00000e+00,    2.21030e+00,    0.00000e+00,   -1.00000e-02,    0.00000e+00,    1.19285e+04,    0.00000e+00,    4.32358e+02,    0.00000e+00,    2.23698e+00,    0.00000e+00,    4.37577e+02,    0.00000e+00,    1.40296e+02,    0.00000e+00,    3.72914e+01,    0.00000e+00,    4.24702e+01,    0.00000e+00,    1.05081e+01,    0.00000e+00,    1.14848e+01,    0.00000e+00,              3,              0,       1 meters
  07/30/2020 12:48:22.341,    2.20919e+00,    0.00000e+00,    2.20919e+00,    0.00000e+00,   -1.00000e-02,    0.00000e+00,    1.19788e+04,    0.00000e+00,    4.32799e+02,    0.00000e+00,    2.23597e+00,    0.00000e+00,    4.38046e+02,    0.00000e+00,    1.40322e+02,    0.00000e+00,    3.72921e+01,    0.00000e+00,    4.24697e+01,    0.00000e+00,    1.05071e+01,    0.00000e+00,    1.14826e+01,    0.00000e+00,              3,              0,       1 meters
  07/30/2020 12:48:23.337,    2.21018e+00,    0.00000e+00,    2.21018e+00,    0.00000e+00,   -1.00000e-02,    0.00000e+00,    1.19883e+04,    0.00000e+00,    4.32999e+02,    0.00000e+00,    2.23699e+00,    0.00000e+00,    4.38253e+02,    0.00000e+00,    1.40289e+02,    0.00000e+00,    3.72929e+01,    0.00000e+00,    4.24735e+01,    0.00000e+00,    1.05083e+01,    0.00000e+00,    1.14840e+01,    0.00000e+00,              3,              0,       1 meters
  07/30/2020 12:48:24.332,    2.21064e+00,    0.00000e+00,    2.21064e+00,    0.00000e+00,   -1.00000e-02,    0.00000e+00,    1.19840e+04,    0.00000e+00,    4.33615e+02,    0.00000e+00,    2.23745e+00,    0.00000e+00,    4.38875e+02,    0.00000e+00,    1.40293e+02,    0.00000e+00,    3.72933e+01,    0.00000e+00,    4.24745e+01,    0.00000e+00,    1.05034e+01,    0.00000e+00,    1.14831e+01,    0.00000e+00,              3,              0,       1 meters
  07/30/2020 12:48:25.328,    2.21050e+00,    0.00000e+00,    2.21050e+00,    0.00000e+00,   -1.00000e-02,    0.00000e+00,    1.19813e+04,    0.00000e+00,    4.33649e+02,    0.00000e+00,    2.23731e+00,    0.00000e+00,    4.38908e+02,    0.00000e+00,    1.40279e+02,    0.00000e+00,    3.72942e+01,    0.00000e+00,    4.24775e+01,    0.00000e+00,    1.05067e+01,    0.00000e+00,    1.14817e+01,    0.00000e+00,              3,              0,       1 meters
  07/30/2020 12:48:26.323,    2.21189e+00,    0.00000e+00,    2.21189e+00,    0.00000e+00,   -1.00000e-02,    0.00000e+00,    1.19878e+04,    0.00000e+00,    4.33706e+02,    0.00000e+00,    2.23873e+00,    0.00000e+00,    4.38969e+02,    0.00000e+00,    1.40295e+02,    0.00000e+00,    3.72943e+01,    0.00000e+00,    4.24769e+01,    0.00000e+00,    1.05048e+01,    0.00000e+00,    1.14838e+01,    0.00000e+00,              3,              0,       1 meters
  07/30/2020 12:48:27.318,    2.21104e+00,    0.00000e+00,    2.21104e+00,    0.00000e+00,   -1.00000e-02,    0.00000e+00,    1.19841e+04,    0.00000e+00,    4.33262e+02,    0.00000e+00,    2.23786e+00,    0.00000e+00,    4.38517e+02,    0.00000e+00,    1.40290e+02,    0.00000e+00,    3.72948e+01,    0.00000e+00,    4.24793e+01,    0.00000e+00,    1.05077e+01,    0.00000e+00,    1.14825e+01,    0.00000e+00,              3,              0,       1 meters
  07/30/2020 12:48:28.314,    2.20981e+00,    0.00000e+00,    2.20981e+00,    0.00000e+00,   -1.00000e-02,    0.00000e+00,    1.20418e+04,    0.00000e+00,    4.33650e+02,    0.00000e+00,    2.23675e+00,    0.00000e+00,    4.38936e+02,    0.00000e+00,    1.40271e+02,    0.00000e+00,    3.72961e+01,    0.00000e+00,    4.24843e+01,    0.00000e+00,    1.05067e+01,    0.00000e+00,    1.14825e+01,    0.00000e+00,              3,              0,       1 meters
  07/30/2020 12:48:29.309,    2.21038e+00,    0.00000e+00,    2.21038e+00,    0.00000e+00,   -1.00000e-02,    0.00000e+00,    1.20379e+04,    0.00000e+00,    4.33964e+02,    0.00000e+00,    2.23732e+00,    0.00000e+00,    4.39252e+02,    0.00000e+00,    1.40253e+02,    0.00000e+00,    3.72967e+01,    0.00000e+00,    4.24838e+01,    0.00000e+00,    1.05070e+01,    0.00000e+00,    1.14830e+01,    0.00000e+00,              3,              0,       1 meters
  07/30/2020 12:48:30.304,    2.21014e+00,    0.00000e+00,    2.21014e+00,    0.00000e+00,   -1.00000e-02,    0.00000e+00,    1.20108e+04,    0.00000e+00,    4.34036e+02,    0.00000e+00,    2.23701e+00,    0.00000e+00,    4.39312e+02,    0.00000e+00,    1.40283e+02,    0.00000e+00,    3.72968e+01,    0.00000e+00,    4.24812e+01,    0.00000e+00,    1.05086e+01,    0.00000e+00,    1.14822e+01,    0.00000e+00,              3,              0,       1 meters
  07/30/2020 12:48:31.299,    2.21089e+00,    0.00000e+00,    2.21089e+00,    0.00000e+00,   -1.00000e-02,    0.00000e+00,    1.20077e+04,    0.00000e+00,    4.34176e+02,    0.00000e+00,    2.23776e+00,    0.00000e+00,    4.39453e+02,    0.00000e+00,    1.40264e+02,    0.00000e+00,    3.72974e+01,    0.00000e+00,    4.24861e+01,    0.00000e+00,    1.05047e+01,    0.00000e+00,    1.14810e+01,    0.00000e+00,              3,              0,       1 meters
  07/30/2020 12:48:32.295,    2.21214e+00,    0.00000e+00,    2.21214e+00,    0.00000e+00,   -1.00000e-02,    0.00000e+00,    1.20046e+04,    0.00000e+00,    4.32705e+02,    0.00000e+00,    2.23902e+00,    0.00000e+00,    4.37963e+02,    0.00000e+00,    1.40249e+02,    0.00000e+00,    3.72982e+01,    0.00000e+00,    4.24894e+01,    0.00000e+00,    1.05047e+01,    0.00000e+00,    1.14844e+01,    0.00000e+00,              3,              0,       1 meters
  07/30/2020 12:48:33.290,    2.21054e+00,    0.00000e+00,    2.21054e+00,    0.00000e+00,   -1.00000e-02,    0.00000e+00,    1.19687e+04,    0.00000e+00,    4.32004e+02,    0.00000e+00,    2.23732e+00,    0.00000e+00,    4.37237e+02,    0.00000e+00,    1.40242e+02,    0.00000e+00,    3.72988e+01,    0.00000e+00,    4.24916e+01,    0.00000e+00,    1.05097e+01,    0.00000e+00,    1.14814e+01,    0.00000e+00,              3,              0,       1 meters
  07/30/2020 12:48:34.286,    2.21130e+00,    0.00000e+00,    2.21130e+00,    0.00000e+00,   -1.00000e-02,    0.00000e+00,    1.19765e+04,    0.00000e+00,    4.31571e+02,    0.00000e+00,    2.23810e+00,    0.00000e+00,    4.36802e+02,    0.00000e+00,    1.40257e+02,    0.00000e+00,    3.72992e+01,    0.00000e+00,    4.24932e+01,    0.00000e+00,    1.05060e+01,    0.00000e+00,    1.14834e+01,    0.00000e+00,              3,              0,       1 meters
  07/30/2020 12:48:35.283,    2.21058e+00,    0.00000e+00,    2.21058e+00,    0.00000e+00,   -1.00000e-02,    0.00000e+00,    1.19239e+04,    0.00000e+00,    4.31394e+02,    0.00000e+00,    2.23725e+00,    0.00000e+00,    4.36600e+02,    0.00000e+00,    1.40246e+02,    0.00000e+00,    3.72998e+01,    0.00000e+00,    4.24935e+01,    0.00000e+00,    1.05068e+01,    0.00000e+00,    1.14864e+01,    0.00000e+00,              3,              0,       1 meters
  07/30/2020 12:48:36.278,    2.21159e+00,    0.00000e+00,    2.21159e+00,    0.00000e+00,   -1.00000e-02,    0.00000e+00,    1.19719e+04,    0.00000e+00,    4.31946e+02,    0.00000e+00,    2.23839e+00,    0.00000e+00,    4.37180e+02,    0.00000e+00,    1.40245e+02,    0.00000e+00,    3.73006e+01,    0.00000e+00,    4.24938e+01,    0.00000e+00,    1.05062e+01,    0.00000e+00,    1.14846e+01,    0.00000e+00,              3,              0,       1 meters
  07/30/2020 12:48:37.273,    2.21125e+00,    0.00000e+00,    2.21125e+00,    0.00000e+00,   -1.00000e-02,    0.00000e+00,    1.19634e+04,    0.00000e+00,    4.32991e+02,    0.00000e+00,    2.23802e+00,    0.00000e+00,    4.38234e+02,    0.00000e+00,    1.40218e+02,    0.00000e+00,    3.73009e+01,    0.00000e+00,    4.24959e+01,    0.00000e+00,    1.05085e+01,    0.00000e+00,    1.14841e+01,    0.00000e+00,              3,              0,       1 meters
  07/30/2020 12:48:38.267,    2.21054e+00,    0.00000e+00,    2.21054e+00,    0.00000e+00,   -1.00000e-02,    0.00000e+00,    1.19628e+04,    0.00000e+00,    4.34155e+02,    0.00000e+00,    2.23730e+00,    0.00000e+00,    4.39412e+02,    0.00000e+00,    1.40245e+02,    0.00000e+00,    3.73012e+01,    0.00000e+00,    4.24987e+01,    0.00000e+00,    1.05077e+01,    0.00000e+00,    1.14826e+01,    0.00000e+00,              3,              0,       1 meters
  07/30/2020 12:48:39.262,    2.21186e+00,    0.00000e+00,    2.21186e+00,    0.00000e+00,   -1.00000e-02,    0.00000e+00,    1.20116e+04,    0.00000e+00,    4.35271e+02,    0.00000e+00,    2.23875e+00,    0.00000e+00,    4.40563e+02,    0.00000e+00,    1.40247e+02,    0.00000e+00,    3.73018e+01,    0.00000e+00,    4.25038e+01,    0.00000e+00,    1.05047e+01,    0.00000e+00,    1.14825e+01,    0.00000e+00,              3,              0,       1 meters
  07/30/2020 12:48:40.276,    2.21067e+00,    0.00000e+00,    2.21067e+00,    0.00000e+00,   -1.00000e-02,    0.00000e+00,    1.20032e+04,    0.00000e+00,    4.34969e+02,    0.00000e+00,    2.23753e+00,    0.00000e+00,    4.40254e+02,    0.00000e+00,    1.40250e+02,    0.00000e+00,    3.73012e+01,    0.00000e+00,    4.24957e+01,    0.00000e+00,    1.05069e+01,    0.00000e+00,    1.14872e+01,    0.00000e+00,              3,              0,       1 meters
  07/30/2020 12:48:41.286,    2.21098e+00,    0.00000e+00,    2.21098e+00,    0.00000e+00,   -1.00000e-02,    0.00000e+00,    1.19971e+04,    0.00000e+00,    4.36227e+02,    0.00000e+00,    2.23783e+00,    0.00000e+00,    4.41524e+02,    0.00000e+00,    1.40257e+02,    0.00000e+00,    3.73015e+01,    0.00000e+00,    4.24952e+01,    0.00000e+00,    1.05097e+01,    0.00000e+00,    1.14820e+01,    0.00000e+00,              3,              0,       1 meters
  07/30/2020 12:48:42.250,    2.21206e+00,    0.00000e+00,    2.21206e+00,    0.00000e+00,   -1.00000e-02,    0.00000e+00,    1.20012e+04,    0.00000e+00,    4.36444e+02,    0.00000e+00,    2.23893e+00,    0.00000e+00,    4.41745e+02,    0.00000e+00,    1.40243e+02,    0.00000e+00,    3.73025e+01,    0.00000e+00,    4.25018e+01,    0.00000e+00,    1.05071e+01,    0.00000e+00,    1.14845e+01,    0.00000e+00,              3,              0,       1 meters
  07/30/2020 12:48:43.245,    2.21095e+00,    0.00000e+00,    2.21095e+00,    0.00000e+00,   -1.00000e-02,    0.00000e+00,    1.20235e+04,    0.00000e+00,    4.37024e+02,    0.00000e+00,    2.23786e+00,    0.00000e+00,    4.42342e+02,    0.00000e+00,    1.40255e+02,    0.00000e+00,    3.73028e+01,    0.00000e+00,    4.25058e+01,    0.00000e+00,    1.05047e+01,    0.00000e+00,    1.14862e+01,    0.00000e+00,              3,              0,       1 meters
  07/30/2020 12:48:44.239,    2.21051e+00,    0.00000e+00,    2.21051e+00,    0.00000e+00,   -1.00000e-02,    0.00000e+00,    1.20692e+04,    0.00000e+00,    4.37211e+02,    0.00000e+00,    2.23751e+00,    0.00000e+00,    4.42552e+02,    0.00000e+00,    1.40261e+02,    0.00000e+00,    3.73040e+01,    0.00000e+00,    4.25180e+01,    0.00000e+00,    1.05065e+01,    0.00000e+00,    1.14833e+01,    0.00000e+00,              3,              0,       1 meters
  07/30/2020 12:48:45.235,    2.21094e+00,    0.00000e+00,    2.21094e+00,    0.00000e+00,   -1.00000e-02,    0.00000e+00,    1.20856e+04,    0.00000e+00,    4.37871e+02,    0.00000e+00,    2.23799e+00,    0.00000e+00,    4.43228e+02,    0.00000e+00,    1.40250e+02,    0.00000e+00,    3.73048e+01,    0.00000e+00,    4.25264e+01,    0.00000e+00,    1.05069e+01,    0.00000e+00,    1.14823e+01,    0.00000e+00,              3,              0,       1 meters
  07/30/2020 12:48:46.230,    2.21097e+00,    0.00000e+00,    2.21097e+00,    0.00000e+00,   -1.00000e-02,    0.00000e+00,    1.21015e+04,    0.00000e+00,    4.37656e+02,    0.00000e+00,    2.23806e+00,    0.00000e+00,    4.43017e+02,    0.00000e+00,    1.40258e+02,    0.00000e+00,    3.73052e+01,    0.00000e+00,    4.25271e+01,    0.00000e+00,    1.05078e+01,    0.00000e+00,    1.14786e+01,    0.00000e+00,              3,              0,       1 meters
  07/30/2020 12:48:47.225,    2.21187e+00,    0.00000e+00,    2.21187e+00,    0.00000e+00,   -1.00000e-02,    0.00000e+00,    1.21054e+04,    0.00000e+00,    4.37350e+02,    0.00000e+00,    2.23897e+00,    0.00000e+00,    4.42710e+02,    0.00000e+00,    1.40267e+02,    0.00000e+00,    3.73059e+01,    0.00000e+00,    4.25321e+01,    0.00000e+00,    1.05047e+01,    0.00000e+00,    1.14840e+01,    0.00000e+00,              3,              0,       1 meters
  07/30/2020 12:48:48.221,    2.21146e+00,    0.00000e+00,    2.21146e+00,    0.00000e+00,   -1.00000e-02,    0.00000e+00,    1.21179e+04,    0.00000e+00,    4.37519e+02,    0.00000e+00,    2.23859e+00,    0.00000e+00,    4.42886e+02,    0.00000e+00,    1.40277e+02,    0.00000e+00,    3.73065e+01,    0.00000e+00,    4.25310e+01,    0.00000e+00,    1.05051e+01,    0.00000e+00,    1.14803e+01,    0.00000e+00,              3,              0,       1 meters
  07/30/2020 12:48:49.215,    2.21287e+00,    0.00000e+00,    2.21287e+00,    0.00000e+00,   -1.00000e-02,    0.00000e+00,    1.21578e+04,    0.00000e+00,    4.37570e+02,    0.00000e+00,    2.24011e+00,    0.00000e+00,    4.42955e+02,    0.00000e+00,    1.40262e+02,    0.00000e+00,    3.73069e+01,    0.00000e+00,    4.25324e+01,    0.00000e+00,    1.05057e+01,    0.00000e+00,    1.14823e+01,    0.00000e+00,              3,              0,       1 meters
  07/30/2020 12:48:50.211,    2.21332e+00,    0.00000e+00,    2.21332e+00,    0.00000e+00,   -1.00000e-02,    0.00000e+00,    1.22118e+04,    0.00000e+00,    4.36385e+02,    0.00000e+00,    2.24068e+00,    0.00000e+00,    4.41780e+02,    0.00000e+00,    1.40271e+02,    0.00000e+00,    3.73075e+01,    0.00000e+00,    4.25333e+01,    0.00000e+00,    1.05026e+01,    0.00000e+00,    1.14821e+01,    0.00000e+00,              3,              0,       1 meters
  07/30/2020 12:48:51.223,    2.21245e+00,    0.00000e+00,    2.21245e+00,    0.00000e+00,   -1.00000e-02,    0.00000e+00,    1.21995e+04,    0.00000e+00,    4.35512e+02,    0.00000e+00,    2.23978e+00,    0.00000e+00,    4.40891e+02,    0.00000e+00,    1.40280e+02,    0.00000e+00,    3.73078e+01,    0.00000e+00,    4.25323e+01,    0.00000e+00,    1.05061e+01,    0.00000e+00,    1.14859e+01,    0.00000e+00,              3,              0,       1 meters
  07/30/2020 12:48:52.225,    2.21327e+00,    0.00000e+00,    2.21327e+00,    0.00000e+00,   -1.00000e-02,    0.00000e+00,    1.21652e+04,    0.00000e+00,    4.34756e+02,    0.00000e+00,    2.24053e+00,    0.00000e+00,    4.40110e+02,    0.00000e+00,    1.40288e+02,    0.00000e+00,    3.73068e+01,    0.00000e+00,    4.25203e+01,    0.00000e+00,    1.05050e+01,    0.00000e+00,    1.14828e+01,    0.00000e+00,              3,              0,       1 meters
  07/30/2020 12:48:53.279,    2.21395e+00,    0.00000e+00,    2.21395e+00,    0.00000e+00,   -1.00000e-02,    0.00000e+00,    1.21682e+04,    0.00000e+00,    4.34258e+02,    0.00000e+00,    2.24123e+00,    0.00000e+00,    4.39607e+02,    0.00000e+00,    1.40259e+02,    0.00000e+00,    3.73077e+01,    0.00000e+00,    4.25212e+01,    0.00000e+00,    1.05041e+01,    0.00000e+00,    1.14824e+01,    0.00000e+00,              3,              0,       1 meters
  07/30/2020 12:48:54.194,    2.21201e+00,    0.00000e+00,    2.21201e+00,    0.00000e+00,   -1.00000e-02,    0.00000e+00,    1.21950e+04,    0.00000e+00,    4.33736e+02,    0.00000e+00,    2.23932e+00,    0.00000e+00,    4.39091e+02,    0.00000e+00,    1.40283e+02,    0.00000e+00,    3.73077e+01,    0.00000e+00,    4.25249e+01,    0.00000e+00,    1.05087e+01,    0.00000e+00,    1.14829e+01,    0.00000e+00,              3,              0,       1 meters
  07/30/2020 12:48:55.188,    2.21396e+00,    0.00000e+00,    2.21396e+00,    0.00000e+00,   -1.00000e-02,    0.00000e+00,    1.21245e+04,    0.00000e+00,    4.32840e+02,    0.00000e+00,    2.24114e+00,    0.00000e+00,    4.38152e+02,    0.00000e+00,    1.40293e+02,    0.00000e+00,    3.73095e+01,    0.00000e+00,    4.25369e+01,    0.00000e+00,    1.05076e+01,    0.00000e+00,    1.14848e+01,    0.00000e+00,              3,              0,       1 meters
  07/30/2020 12:48:56.230,    2.21308e+00,    0.00000e+00,    2.21308e+00,    0.00000e+00,   -1.00000e-02,    0.00000e+00,    1.21293e+04,    0.00000e+00,    4.32761e+02,    0.00000e+00,    2.24026e+00,    0.00000e+00,    4.38074e+02,    0.00000e+00,    1.40285e+02,    0.00000e+00,    3.73097e+01,    0.00000e+00,    4.25397e+01,    0.00000e+00,    1.05091e+01,    0.00000e+00,    1.14810e+01,    0.00000e+00,              3,              0,       1 meters
  07/30/2020 12:48:57.180,    2.21254e+00,    0.00000e+00,    2.21254e+00,    0.00000e+00,   -1.00000e-02,    0.00000e+00,    1.21475e+04,    0.00000e+00,    4.32405e+02,    0.00000e+00,    2.23975e+00,    0.00000e+00,    4.37723e+02,    0.00000e+00,    1.40311e+02,    0.00000e+00,    3.73105e+01,    0.00000e+00,    4.25467e+01,    0.00000e+00,    1.05083e+01,    0.00000e+00,    1.14805e+01,    0.00000e+00,              3,              0,       1 meters
  07/30/2020 12:48:58.176,    2.21499e+00,    0.00000e+00,    2.21499e+00,    0.00000e+00,   -1.00000e-02,    0.00000e+00,    1.21650e+04,    0.00000e+00,    4.32446e+02,    0.00000e+00,    2.24227e+00,    0.00000e+00,    4.37772e+02,    0.00000e+00,    1.40293e+02,    0.00000e+00,    3.73110e+01,    0.00000e+00,    4.25470e+01,    0.00000e+00,    1.05052e+01,    0.00000e+00,    1.14816e+01,    0.00000e+00,              3,              0,       1 meters
  07/30/2020 12:48:59.170,    2.21349e+00,    0.00000e+00,    2.21349e+00,    0.00000e+00,   -1.00000e-02,    0.00000e+00,    1.21574e+04,    0.00000e+00,    4.32836e+02,    0.00000e+00,    2.24073e+00,    0.00000e+00,    4.38163e+02,    0.00000e+00,    1.40282e+02,    0.00000e+00,    3.73124e+01,    0.00000e+00,    4.25538e+01,    0.00000e+00,    1.05086e+01,    0.00000e+00,    1.14836e+01,    0.00000e+00,              3,              0,       1 meters
  07/30/2020 12:49:00.166,    2.21460e+00,    0.00000e+00,    2.21460e+00,    0.00000e+00,   -1.00000e-02,    0.00000e+00,    1.21554e+04,    0.00000e+00,    4.33280e+02,    0.00000e+00,    2.24185e+00,    0.00000e+00,    4.38611e+02,    0.00000e+00,    1.40306e+02,    0.00000e+00,    3.73127e+01,    0.00000e+00,    4.25511e+01,    0.00000e+00,    1.05047e+01,    0.00000e+00,    1.14842e+01,    0.00000e+00,              3,              0,       1 meters
  07/30/2020 12:49:01.160,    2.21386e+00,    0.00000e+00,    2.21386e+00,    0.00000e+00,   -1.00000e-02,    0.00000e+00,    1.22088e+04,    0.00000e+00,    4.33931e+02,    0.00000e+00,    2.24122e+00,    0.00000e+00,    4.39295e+02,    0.00000e+00,    1.40293e+02,    0.00000e+00,    3.73135e+01,    0.00000e+00,    4.25528e+01,    0.00000e+00,    1.05058e+01,    0.00000e+00,    1.14810e+01,    0.00000e+00,              3,              0,       1 meters
  07/30/2020 12:49:02.155,    2.21368e+00,    0.00000e+00,    2.21368e+00,    0.00000e+00,   -1.00000e-02,    0.00000e+00,    1.21985e+04,    0.00000e+00,    4.34814e+02,    0.00000e+00,    2.24102e+00,    0.00000e+00,    4.40183e+02,    0.00000e+00,    1.40277e+02,    0.00000e+00,    3.73141e+01,    0.00000e+00,    4.25562e+01,    0.00000e+00,    1.05106e+01,    0.00000e+00,    1.14834e+01,    0.00000e+00,              3,              0,       1 meters
  07/30/2020 12:49:03.150,    2.21578e+00,    0.00000e+00,    2.21578e+00,    0.00000e+00,   -1.00000e-02,    0.00000e+00,    1.22206e+04,    0.00000e+00,    4.34427e+02,    0.00000e+00,    2.24320e+00,    0.00000e+00,    4.39802e+02,    0.00000e+00,    1.40258e+02,    0.00000e+00,    3.73149e+01,    0.00000e+00,    4.25569e+01,    0.00000e+00,    1.05052e+01,    0.00000e+00,    1.14854e+01,    0.00000e+00,              3,              0,       1 meters
  07/30/2020 12:49:04.161,    2.21517e+00,    0.00000e+00,    2.21517e+00,    0.00000e+00,   -1.00000e-02,    0.00000e+00,    1.21697e+04,    0.00000e+00,    4.34026e+02,    0.00000e+00,    2.24247e+00,    0.00000e+00,    4.39373e+02,    0.00000e+00,    1.40268e+02,    0.00000e+00,    3.73147e+01,    0.00000e+00,    4.25529e+01,    0.00000e+00,    1.05052e+01,    0.00000e+00,    1.14859e+01,    0.00000e+00,              3,              0,       1 meters
  07/30/2020 12:49:05.158,    2.21394e+00,    0.00000e+00,    2.21394e+00,    0.00000e+00,   -1.00000e-02,    0.00000e+00,    1.21752e+04,    0.00000e+00,    4.34826e+02,    0.00000e+00,    2.24122e+00,    0.00000e+00,    4.40185e+02,    0.00000e+00,    1.40264e+02,    0.00000e+00,    3.73147e+01,    0.00000e+00,    4.25506e+01,    0.00000e+00,    1.05055e+01,    0.00000e+00,    1.14813e+01,    0.00000e+00,              3,              0,       1 meters
  07/30/2020 12:49:06.177,    2.21480e+00,    0.00000e+00,    2.21480e+00,    0.00000e+00,   -1.00000e-02,    0.00000e+00,    1.21814e+04,    0.00000e+00,    4.36459e+02,    0.00000e+00,    2.24211e+00,    0.00000e+00,    4.41841e+02,    0.00000e+00,    1.40277e+02,    0.00000e+00,    3.73153e+01,    0.00000e+00,    4.25494e+01,    0.00000e+00,    1.05097e+01,    0.00000e+00,    1.14793e+01,    0.00000e+00,              3,              0,       1 meters
  07/30/2020 12:49:07.147,    2.21497e+00,    0.00000e+00,    2.21497e+00,    0.00000e+00,   -1.00000e-02,    0.00000e+00,    1.21562e+04,    0.00000e+00,    4.37427e+02,    0.00000e+00,    2.24223e+00,    0.00000e+00,    4.42810e+02,    0.00000e+00,    1.40217e+02,    0.00000e+00,    3.73162e+01,    0.00000e+00,    4.25524e+01,    0.00000e+00,    1.05053e+01,    0.00000e+00,    1.14827e+01,    0.00000e+00,              3,              0,       1 meters
  07/30/2020 12:49:08.128,    2.21721e+00,    0.00000e+00,    2.21721e+00,    0.00000e+00,   -1.00000e-02,    0.00000e+00,    1.21650e+04,    0.00000e+00,    4.37111e+02,    0.00000e+00,    2.24451e+00,    0.00000e+00,    4.42494e+02,    0.00000e+00,    1.40222e+02,    0.00000e+00,    3.73173e+01,    0.00000e+00,    4.25602e+01,    0.00000e+00,    1.05040e+01,    0.00000e+00,    1.14844e+01,    0.00000e+00,              3,              0,       1 meters
  07/30/2020 12:49:09.127,    2.21543e+00,    0.00000e+00,    2.21543e+00,    0.00000e+00,   -1.00000e-02,    0.00000e+00,    1.21770e+04,    0.00000e+00,    4.37220e+02,    0.00000e+00,    2.24274e+00,    0.00000e+00,    4.42610e+02,    0.00000e+00,    1.40245e+02,    0.00000e+00,    3.73172e+01,    0.00000e+00,    4.25623e+01,    0.00000e+00,    1.05060e+01,    0.00000e+00,    1.14839e+01,    0.00000e+00,              3,              0,       1 meters
  07/30/2020 12:49:10.137,    2.21427e+00,    0.00000e+00,    2.21427e+00,    0.00000e+00,   -1.00000e-02,    0.00000e+00,    1.21369e+04,    0.00000e+00,    4.37217e+02,    0.00000e+00,    2.24148e+00,    0.00000e+00,    4.42588e+02,    0.00000e+00,    1.40241e+02,    0.00000e+00,    3.73177e+01,    0.00000e+00,    4.25640e+01,    0.00000e+00,    1.05109e+01,    0.00000e+00,    1.14788e+01,    0.00000e+00,              3,              0,       1 meters
  07/30/2020 12:49:11.133,    2.21527e+00,    0.00000e+00,    2.21527e+00,    0.00000e+00,   -1.00000e-02,    0.00000e+00,    1.21366e+04,    0.00000e+00,    4.37039e+02,    0.00000e+00,    2.24249e+00,    0.00000e+00,    4.42409e+02,    0.00000e+00,    1.40248e+02,    0.00000e+00,    3.73195e+01,    0.00000e+00,    4.25776e+01,    0.00000e+00,    1.05072e+01,    0.00000e+00,    1.14825e+01,    0.00000e+00,              3,              0,       1 meters
  07/30/2020 12:49:12.127,    2.21598e+00,    0.00000e+00,    2.21598e+00,    0.00000e+00,   -1.00000e-02,    0.00000e+00,    1.21326e+04,    0.00000e+00,    4.37249e+02,    0.00000e+00,    2.24320e+00,    0.00000e+00,    4.42619e+02,    0.00000e+00,    1.40217e+02,    0.00000e+00,    3.73203e+01,    0.00000e+00,    4.25778e+01,    0.00000e+00,    1.05036e+01,    0.00000e+00,    1.14866e+01,    0.00000e+00,              3,              0,       1 meters
  07/30/2020 12:49:13.124,    2.21510e+00,    0.00000e+00,    2.21510e+00,    0.00000e+00,   -1.00000e-02,    0.00000e+00,    1.21098e+04,    0.00000e+00,    4.36496e+02,    0.00000e+00,    2.24226e+00,    0.00000e+00,    4.41847e+02,    0.00000e+00,    1.40244e+02,    0.00000e+00,    3.73209e+01,    0.00000e+00,    4.25802e+01,    0.00000e+00,    1.05036e+01,    0.00000e+00,    1.14868e+01,    0.00000e+00,              3,              0,       1 meters
  07/30/2020 12:49:14.119,    2.21517e+00,    0.00000e+00,    2.21517e+00,    0.00000e+00,   -1.00000e-02,    0.00000e+00,    1.21095e+04,    0.00000e+00,    4.36541e+02,    0.00000e+00,    2.24233e+00,    0.00000e+00,    4.41892e+02,    0.00000e+00,    1.40249e+02,    0.00000e+00,    3.73213e+01,    0.00000e+00,    4.25795e+01,    0.00000e+00,    1.05041e+01,    0.00000e+00,    1.14839e+01,    0.00000e+00,              3,              0,       1 meters
  07/30/2020 12:49:15.113,    2.21339e+00,    0.00000e+00,    2.21339e+00,    0.00000e+00,   -1.00000e-02,    0.00000e+00,    1.21317e+04,    0.00000e+00,    4.35930e+02,    0.00000e+00,    2.24057e+00,    0.00000e+00,    4.41283e+02,    0.00000e+00,    1.40256e+02,    0.00000e+00,    3.73218e+01,    0.00000e+00,    4.25855e+01,    0.00000e+00,    1.05058e+01,    0.00000e+00,    1.14805e+01,    0.00000e+00,              3,              0,       1 meters
  07/30/2020 12:49:16.110,    2.21423e+00,    0.00000e+00,    2.21423e+00,    0.00000e+00,   -1.00000e-02,    0.00000e+00,    1.21102e+04,    0.00000e+00,    4.35930e+02,    0.00000e+00,    2.24137e+00,    0.00000e+00,    4.41274e+02,    0.00000e+00,    1.40264e+02,    0.00000e+00,    3.73224e+01,    0.00000e+00,    4.25868e+01,    0.00000e+00,    1.05065e+01,    0.00000e+00,    1.14804e+01,    0.00000e+00,              3,              0,       1 meters
  07/30/2020 12:49:17.188,    2.21381e+00,    0.00000e+00,    2.21381e+00,    0.00000e+00,   -1.00000e-02,    0.00000e+00,    1.20545e+04,    0.00000e+00,    4.35581e+02,    0.00000e+00,    2.24083e+00,    0.00000e+00,    4.40896e+02,    0.00000e+00,    1.40244e+02,    0.00000e+00,    3.73215e+01,    0.00000e+00,    4.25749e+01,    0.00000e+00,    1.05081e+01,    0.00000e+00,    1.14829e+01,    0.00000e+00,              3,              0,       1 meters
  07/30/2020 12:49:18.175,    2.21327e+00,    0.00000e+00,    2.21327e+00,    0.00000e+00,   -1.00000e-02,    0.00000e+00,    1.20353e+04,    0.00000e+00,    4.34693e+02,    0.00000e+00,    2.24023e+00,    0.00000e+00,    4.39989e+02,    0.00000e+00,    1.40273e+02,    0.00000e+00,    3.73222e+01,    0.00000e+00,    4.25793e+01,    0.00000e+00,    1.05074e+01,    0.00000e+00,    1.14794e+01,    0.00000e+00,              3,              0,       1 meters
  07/30/2020 12:49:19.136,    2.21179e+00,    0.00000e+00,    2.21179e+00,    0.00000e+00,   -1.00000e-02,    0.00000e+00,    1.19881e+04,    0.00000e+00,    4.33593e+02,    0.00000e+00,    2.23863e+00,    0.00000e+00,    4.38854e+02,    0.00000e+00,    1.40289e+02,    0.00000e+00,    3.73224e+01,    0.00000e+00,    4.25771e+01,    0.00000e+00,    1.05058e+01,    0.00000e+00,    1.14839e+01,    0.00000e+00,              3,              0,       1 meters
  07/30/2020 12:49:20.100,    2.21383e+00,    0.00000e+00,    2.21383e+00,    0.00000e+00,   -1.00000e-02,    0.00000e+00,    1.20129e+04,    0.00000e+00,    4.32919e+02,    0.00000e+00,    2.24075e+00,    0.00000e+00,    4.38183e+02,    0.00000e+00,    1.40264e+02,    0.00000e+00,    3.73238e+01,    0.00000e+00,    4.25825e+01,    0.00000e+00,    1.05059e+01,    0.00000e+00,    1.14886e+01,    0.00000e+00,              3,              0,       1 meters
  07/30/2020 12:49:21.102,    2.21505e+00,    0.00000e+00,    2.21505e+00,    0.00000e+00,   -1.00000e-02,    0.00000e+00,    1.20070e+04,    0.00000e+00,    4.33382e+02,    0.00000e+00,    2.24197e+00,    0.00000e+00,    4.38649e+02,    0.00000e+00,    1.40260e+02,    0.00000e+00,    3.73237e+01,    0.00000e+00,    4.25801e+01,    0.00000e+00,    1.05036e+01,    0.00000e+00,    1.14816e+01,    0.00000e+00,              3,              0,       1 meters
  07/30/2020 12:49:22.091,    2.21325e+00,    0.00000e+00,    2.21325e+00,    0.00000e+00,   -1.00000e-02,    0.00000e+00,    1.19946e+04,    0.00000e+00,    4.33093e+02,    0.00000e+00,    2.24012e+00,    0.00000e+00,    4.38351e+02,    0.00000e+00,    1.40271e+02,    0.00000e+00,    3.73249e+01,    0.00000e+00,    4.25852e+01,    0.00000e+00,    1.05039e+01,    0.00000e+00,    1.14840e+01,    0.00000e+00,              3,              0,       1 meters
  07/30/2020 12:49:23.111,    2.21321e+00,    0.00000e+00,    2.21321e+00,    0.00000e+00,   -1.00000e-02,    0.00000e+00,    1.20217e+04,    0.00000e+00,    4.33423e+02,    0.00000e+00,    2.24014e+00,    0.00000e+00,    4.38697e+02,    0.00000e+00,    1.40277e+02,    0.00000e+00,    3.73255e+01,    0.00000e+00,    4.25864e+01,    0.00000e+00,    1.05060e+01,    0.00000e+00,    1.14836e+01,    0.00000e+00,              3,              0,       1 meters
  07/30/2020 12:49:24.128,    2.21359e+00,    0.00000e+00,    2.21359e+00,    0.00000e+00,   -1.00000e-02,    0.00000e+00,    1.20251e+04,    0.00000e+00,    4.33397e+02,    0.00000e+00,    2.24053e+00,    0.00000e+00,    4.38672e+02,    0.00000e+00,    1.40253e+02,    0.00000e+00,    3.73267e+01,    0.00000e+00,    4.25938e+01,    0.00000e+00,    1.05048e+01,    0.00000e+00,    1.14838e+01,    0.00000e+00,              3,              0,       1 meters
  07/30/2020 12:49:25.080,    2.21261e+00,    0.00000e+00,    2.21261e+00,    0.00000e+00,   -1.00000e-02,    0.00000e+00,    1.20229e+04,    0.00000e+00,    4.33092e+02,    0.00000e+00,    2.23954e+00,    0.00000e+00,    4.38363e+02,    0.00000e+00,    1.40317e+02,    0.00000e+00,    3.73263e+01,    0.00000e+00,    4.25925e+01,    0.00000e+00,    1.05050e+01,    0.00000e+00,    1.14866e+01,    0.00000e+00,              3,              0,       1 meters
  07/30/2020 12:49:26.076,    2.21288e+00,    0.00000e+00,    2.21288e+00,    0.00000e+00,   -1.00000e-02,    0.00000e+00,    1.20573e+04,    0.00000e+00,    4.33116e+02,    0.00000e+00,    2.23989e+00,    0.00000e+00,    4.38402e+02,    0.00000e+00,    1.40284e+02,    0.00000e+00,    3.73274e+01,    0.00000e+00,    4.26004e+01,    0.00000e+00,    1.05072e+01,    0.00000e+00,    1.14806e+01,    0.00000e+00,              3,              0,       1 meters
  07/30/2020 12:49:27.071,    2.21264e+00,    0.00000e+00,    2.21264e+00,    0.00000e+00,   -1.00000e-02,    0.00000e+00,    1.20460e+04,    0.00000e+00,    4.33459e+02,    0.00000e+00,    2.23962e+00,    0.00000e+00,    4.38744e+02,    0.00000e+00,    1.40294e+02,    0.00000e+00,    3.73280e+01,    0.00000e+00,    4.25986e+01,    0.00000e+00,    1.05084e+01,    0.00000e+00,    1.14837e+01,    0.00000e+00,              3,              0,       1 meters
  07/30/2020 12:49:28.066,    2.21359e+00,    0.00000e+00,    2.21359e+00,    0.00000e+00,   -1.00000e-02,    0.00000e+00,    1.20705e+04,    0.00000e+00,    4.35902e+02,    0.00000e+00,    2.24063e+00,    0.00000e+00,    4.41228e+02,    0.00000e+00,    1.40286e+02,    0.00000e+00,    3.73288e+01,    0.00000e+00,    4.26036e+01,    0.00000e+00,    1.05032e+01,    0.00000e+00,    1.14831e+01,    0.00000e+00,              3,              0,       1 meters
  07/30/2020 12:49:29.062,    2.21389e+00,    0.00000e+00,    2.21389e+00,    0.00000e+00,   -1.00000e-02,    0.00000e+00,    1.20679e+04,    0.00000e+00,    4.37686e+02,    0.00000e+00,    2.24093e+00,    0.00000e+00,    4.43032e+02,    0.00000e+00,    1.40309e+02,    0.00000e+00,    3.73292e+01,    0.00000e+00,    4.26066e+01,    0.00000e+00,    1.05064e+01,    0.00000e+00,    1.14834e+01,    0.00000e+00,              3,              0,       1 meters
  07/30/2020 12:49:30.060,    2.21343e+00,    0.00000e+00,    2.21343e+00,    0.00000e+00,   -1.00000e-02,    0.00000e+00,    1.20259e+04,    0.00000e+00,    4.39138e+02,    0.00000e+00,    2.24037e+00,    0.00000e+00,    4.44483e+02,    0.00000e+00,    1.40292e+02,    0.00000e+00,    3.73286e+01,    0.00000e+00,    4.26031e+01,    0.00000e+00,    1.05092e+01,    0.00000e+00,    1.14821e+01,    0.00000e+00,              3,              0,       1 meters
  07/30/2020 12:49:31.075,    2.21446e+00,    0.00000e+00,    2.21446e+00,    0.00000e+00,   -1.00000e-02,    0.00000e+00,    1.20175e+04,    0.00000e+00,    4.40881e+02,    0.00000e+00,    2.24139e+00,    0.00000e+00,    4.46244e+02,    0.00000e+00,    1.40276e+02,    0.00000e+00,    3.73289e+01,    0.00000e+00,    4.26100e+01,    0.00000e+00,    1.05086e+01,    0.00000e+00,    1.14861e+01,    0.00000e+00,              3,              0,       1 meters
  07/30/2020 12:49:32.048,    2.21253e+00,    0.00000e+00,    2.21253e+00,    0.00000e+00,   -1.00000e-02,    0.00000e+00,    1.20586e+04,    0.00000e+00,    4.48266e+02,    0.00000e+00,    2.23953e+00,    0.00000e+00,    4.53737e+02,    0.00000e+00,    1.40256e+02,    0.00000e+00,    3.73304e+01,    0.00000e+00,    4.26178e+01,    0.00000e+00,    1.05064e+01,    0.00000e+00,    1.14820e+01,    0.00000e+00,              3,              0,       1 meters
  07/30/2020 12:49:33.052,    2.21424e+00,    0.00000e+00,    2.21424e+00,    0.00000e+00,   -1.00000e-02,    0.00000e+00,    1.20873e+04,    0.00000e+00,    4.55450e+02,    0.00000e+00,    2.24133e+00,    0.00000e+00,    4.61022e+02,    0.00000e+00,    1.40247e+02,    0.00000e+00,    3.73317e+01,    0.00000e+00,    4.26245e+01,    0.00000e+00,    1.05057e+01,    0.00000e+00,    1.14835e+01,    0.00000e+00,              3,              0,       1 meters
  07/30/2020 12:49:34.043,    2.21204e+00,    0.00000e+00,    2.21204e+00,    0.00000e+00,   -1.00000e-02,    0.00000e+00,    1.20913e+04,    0.00000e+00,    4.59441e+02,    0.00000e+00,    2.23911e+00,    0.00000e+00,    4.65065e+02,    0.00000e+00,    1.40270e+02,    0.00000e+00,    3.73316e+01,    0.00000e+00,    4.26186e+01,    0.00000e+00,    1.05122e+01,    0.00000e+00,    1.14826e+01,    0.00000e+00,              3,              0,       1 meters
  07/30/2020 12:49:35.038,    2.21227e+00,    0.00000e+00,    2.21227e+00,    0.00000e+00,   -1.00000e-02,    0.00000e+00,    1.21383e+04,    0.00000e+00,    4.62555e+02,    0.00000e+00,    2.23945e+00,    0.00000e+00,    4.68238e+02,    0.00000e+00,    1.40253e+02,    0.00000e+00,    3.73327e+01,    0.00000e+00,    4.26269e+01,    0.00000e+00,    1.05069e+01,    0.00000e+00,    1.14785e+01,    0.00000e+00,              3,              0,       1 meters
  07/30/2020 12:49:36.033,    2.21336e+00,    0.00000e+00,    2.21336e+00,    0.00000e+00,   -1.00000e-02,    0.00000e+00,    1.21957e+04,    0.00000e+00,    4.62999e+02,    0.00000e+00,    2.24068e+00,    0.00000e+00,    4.68716e+02,    0.00000e+00,    1.40244e+02,    0.00000e+00,    3.73331e+01,    0.00000e+00,    4.26313e+01,    0.00000e+00,    1.05062e+01,    0.00000e+00,    1.14842e+01,    0.00000e+00,              3,              0,       1 meters
  07/30/2020 12:49:37.028,    2.21374e+00,    0.00000e+00,    2.21374e+00,    0.00000e+00,   -1.00000e-02,    0.00000e+00,    1.21719e+04,    0.00000e+00,    4.62984e+02,    0.00000e+00,    2.24102e+00,    0.00000e+00,    4.68689e+02,    0.00000e+00,    1.40230e+02,    0.00000e+00,    3.73344e+01,    0.00000e+00,    4.26407e+01,    0.00000e+00,    1.05062e+01,    0.00000e+00,    1.14815e+01,    0.00000e+00,              3,              0,       1 meters
  07/30/2020 12:49:38.028,    2.21377e+00,    0.00000e+00,    2.21377e+00,    0.00000e+00,   -1.00000e-02,    0.00000e+00,    1.21659e+04,    0.00000e+00,    4.61565e+02,    0.00000e+00,    2.24103e+00,    0.00000e+00,    4.67250e+02,    0.00000e+00,    1.40249e+02,    0.00000e+00,    3.73346e+01,    0.00000e+00,    4.26394e+01,    0.00000e+00,    1.05052e+01,    0.00000e+00,    1.14817e+01,    0.00000e+00,              3,              0,       1 meters
  07/30/2020 12:49:39.023,    2.21221e+00,    0.00000e+00,    2.21221e+00,    0.00000e+00,   -1.00000e-02,    0.00000e+00,    1.22023e+04,    0.00000e+00,    4.58776e+02,    0.00000e+00,    2.23954e+00,    0.00000e+00,    4.64443e+02,    0.00000e+00,    1.40244e+02,    0.00000e+00,    3.73353e+01,    0.00000e+00,    4.26475e+01,    0.00000e+00,    1.05063e+01,    0.00000e+00,    1.14805e+01,    0.00000e+00,              3,              0,       1 meters
  07/30/2020 12:49:40.020,    2.21241e+00,    0.00000e+00,    2.21241e+00,    0.00000e+00,   -1.00000e-02,    0.00000e+00,    1.22287e+04,    0.00000e+00,    4.55750e+02,    0.00000e+00,    2.23980e+00,    0.00000e+00,    4.61392e+02,    0.00000e+00,    1.40246e+02,    0.00000e+00,    3.73361e+01,    0.00000e+00,    4.26502e+01,    0.00000e+00,    1.05053e+01,    0.00000e+00,    1.14803e+01,    0.00000e+00,              3,              0,       1 meters
  07/30/2020 12:49:41.013,    2.21313e+00,    0.00000e+00,    2.21313e+00,    0.00000e+00,   -1.00000e-02,    0.00000e+00,    1.21499e+04,    0.00000e+00,    4.53193e+02,    0.00000e+00,    2.24035e+00,    0.00000e+00,    4.58767e+02,    0.00000e+00,    1.40216e+02,    0.00000e+00,    3.73366e+01,    0.00000e+00,    4.26503e+01,    0.00000e+00,    1.05068e+01,    0.00000e+00,    1.14828e+01,    0.00000e+00,              3,              0,       1 meters
  07/30/2020 12:49:42.009,    2.21253e+00,    0.00000e+00,    2.21253e+00,    0.00000e+00,   -1.00000e-02,    0.00000e+00,    1.21628e+04,    0.00000e+00,    4.50286e+02,    0.00000e+00,    2.23978e+00,    0.00000e+00,    4.55830e+02,    0.00000e+00,    1.40244e+02,    0.00000e+00,    3.73370e+01,    0.00000e+00,    4.26514e+01,    0.00000e+00,    1.05069e+01,    0.00000e+00,    1.14845e+01,    0.00000e+00,              3,              0,       1 meters
  07/30/2020 12:49:43.065,    2.21167e+00,    0.00000e+00,    2.21167e+00,    0.00000e+00,   -1.00000e-02,    0.00000e+00,    1.20926e+04,    0.00000e+00,    4.48271e+02,    0.00000e+00,    2.23874e+00,    0.00000e+00,    4.53758e+02,    0.00000e+00,    1.40267e+02,    0.00000e+00,    3.73362e+01,    0.00000e+00,    4.26389e+01,    0.00000e+00,    1.05088e+01,    0.00000e+00,    1.14781e+01,    0.00000e+00,              3,              0,       1 meters
  07/30/2020 12:49:44.055,    2.21161e+00,    0.00000e+00,    2.21161e+00,    0.00000e+00,   -1.00000e-02,    0.00000e+00,    1.20674e+04,    0.00000e+00,    4.46874e+02,    0.00000e+00,    2.23862e+00,    0.00000e+00,    4.52333e+02,    0.00000e+00,    1.40274e+02,    0.00000e+00,    3.73368e+01,    0.00000e+00,    4.26351e+01,    0.00000e+00,    1.05058e+01,    0.00000e+00,    1.14828e+01,    0.00000e+00,              3,              0,       1 meters
  07/30/2020 12:49:45.045,    2.21354e+00,    0.00000e+00,    2.21354e+00,    0.00000e+00,   -1.00000e-02,    0.00000e+00,    1.20721e+04,    0.00000e+00,    4.46259e+02,    0.00000e+00,    2.24059e+00,    0.00000e+00,    4.51712e+02,    0.00000e+00,    1.40289e+02,    0.00000e+00,    3.73367e+01,    0.00000e+00,    4.26339e+01,    0.00000e+00,    1.05062e+01,    0.00000e+00,    1.14834e+01,    0.00000e+00,              3,              0,       1 meters
  07/30/2020 12:49:46.037,    2.21115e+00,    0.00000e+00,    2.21115e+00,    0.00000e+00,   -1.00000e-02,    0.00000e+00,    1.20799e+04,    0.00000e+00,    4.46372e+02,    0.00000e+00,    2.23818e+00,    0.00000e+00,    4.51830e+02,    0.00000e+00,    1.40270e+02,    0.00000e+00,    3.73388e+01,    0.00000e+00,    4.26465e+01,    0.00000e+00,    1.05072e+01,    0.00000e+00,    1.14835e+01,    0.00000e+00,              3,              0,       1 meters
  07/30/2020 12:49:47.033,    2.21394e+00,    0.00000e+00,    2.21394e+00,    0.00000e+00,   -1.00000e-02,    0.00000e+00,    1.21191e+04,    0.00000e+00,    4.46687e+02,    0.00000e+00,    2.24110e+00,    0.00000e+00,    4.52166e+02,    0.00000e+00,    1.40280e+02,    0.00000e+00,    3.73394e+01,    0.00000e+00,    4.26496e+01,    0.00000e+00,    1.05031e+01,    0.00000e+00,    1.14854e+01,    0.00000e+00,              3,              0,       1 meters
  07/30/2020 12:49:48.088,    2.21383e+00,    0.00000e+00,    2.21383e+00,    0.00000e+00,   -1.00000e-02,    0.00000e+00,    1.20866e+04,    0.00000e+00,    4.46116e+02,    0.00000e+00,    2.24091e+00,    0.00000e+00,    4.51574e+02,    0.00000e+00,    1.40221e+02,    0.00000e+00,    3.73394e+01,    0.00000e+00,    4.26465e+01,    0.00000e+00,    1.05037e+01,    0.00000e+00,    1.14859e+01,    0.00000e+00,              3,              0,       1 meters
  07/30/2020 12:49:49.101,    2.21238e+00,    0.00000e+00,    2.21238e+00,    0.00000e+00,   -1.00000e-02,    0.00000e+00,    1.21395e+04,    0.00000e+00,    4.45955e+02,    0.00000e+00,    2.23957e+00,    0.00000e+00,    4.51436e+02,    0.00000e+00,    1.40243e+02,    0.00000e+00,    3.73399e+01,    0.00000e+00,    4.26455e+01,    0.00000e+00,    1.05087e+01,    0.00000e+00,    1.14792e+01,    0.00000e+00,              3,              0,       1 meters
  07/30/2020 12:49:50.020,    2.21267e+00,    0.00000e+00,    2.21267e+00,    0.00000e+00,   -1.00000e-02,    0.00000e+00,    1.21206e+04,    0.00000e+00,    4.45143e+02,    0.00000e+00,    2.23982e+00,    0.00000e+00,    4.50604e+02,    0.00000e+00,    1.40279e+02,    0.00000e+00,    3.73403e+01,    0.00000e+00,    4.26475e+01,    0.00000e+00,    1.05072e+01,    0.00000e+00,    1.14826e+01,    0.00000e+00,              3,              0,       1 meters
  07/30/2020 12:49:51.031,    2.21374e+00,    0.00000e+00,    2.21374e+00,    0.00000e+00,   -1.00000e-02,    0.00000e+00,    1.21185e+04,    0.00000e+00,    4.44859e+02,    0.00000e+00,    2.24090e+00,    0.00000e+00,    4.50316e+02,    0.00000e+00,    1.40294e+02,    0.00000e+00,    3.73412e+01,    0.00000e+00,    4.26580e+01,    0.00000e+00,    1.05051e+01,    0.00000e+00,    1.14836e+01,    0.00000e+00,              3,              0,       1 meters
  07/30/2020 12:49:52.026,    2.21338e+00,    0.00000e+00,    2.21338e+00,    0.00000e+00,   -1.00000e-02,    0.00000e+00,    1.21333e+04,    0.00000e+00,    4.45511e+02,    0.00000e+00,    2.24057e+00,    0.00000e+00,    4.50983e+02,    0.00000e+00,    1.40287e+02,    0.00000e+00,    3.73428e+01,    0.00000e+00,    4.26671e+01,    0.00000e+00,    1.05081e+01,    0.00000e+00,    1.14802e+01,    0.00000e+00,              3,              0,       1 meters
  07/30/2020 12:49:53.022,    2.21627e+00,    0.00000e+00,    2.21627e+00,    0.00000e+00,   -1.00000e-02,    0.00000e+00,    1.21602e+04,    0.00000e+00,    4.45464e+02,    0.00000e+00,    2.24355e+00,    0.00000e+00,    4.50948e+02,    0.00000e+00,    1.40309e+02,    0.00000e+00,    3.73432e+01,    0.00000e+00,    4.26716e+01,    0.00000e+00,    1.05017e+01,    0.00000e+00,    1.14847e+01,    0.00000e+00,              3,              0,       1 meters
  07/30/2020 12:49:54.018,    2.21522e+00,    0.00000e+00,    2.21522e+00,    0.00000e+00,   -1.00000e-02,    0.00000e+00,    1.21461e+04,    0.00000e+00,    4.45144e+02,    0.00000e+00,    2.24246e+00,    0.00000e+00,    4.50617e+02,    0.00000e+00,    1.40296e+02,    0.00000e+00,    3.73436e+01,    0.00000e+00,    4.26737e+01,    0.00000e+00,    1.05057e+01,    0.00000e+00,    1.14831e+01,    0.00000e+00,              3,              0,       1 meters
  07/30/2020 12:49:55.013,    2.21675e+00,    0.00000e+00,    2.21675e+00,    0.00000e+00,   -1.00000e-02,    0.00000e+00,    1.21441e+04,    0.00000e+00,    4.46234e+02,    0.00000e+00,    2.24400e+00,    0.00000e+00,    4.51720e+02,    0.00000e+00,    1.40280e+02,    0.00000e+00,    3.73444e+01,    0.00000e+00,    4.26772e+01,    0.00000e+00,    1.05062e+01,    0.00000e+00,    1.14807e+01,    0.00000e+00,              3,              0,       1 meters
  07/30/2020 12:49:56.008,    2.21609e+00,    0.00000e+00,    2.21609e+00,    0.00000e+00,   -1.00000e-02,    0.00000e+00,    1.21773e+04,    0.00000e+00,    4.46542e+02,    0.00000e+00,    2.24341e+00,    0.00000e+00,    4.52047e+02,    0.00000e+00,    1.40261e+02,    0.00000e+00,    3.73453e+01,    0.00000e+00,    4.26867e+01,    0.00000e+00,    1.05081e+01,    0.00000e+00,    1.14806e+01,    0.00000e+00,              3,              0,       1 meters
  07/30/2020 12:49:57.004,    2.21924e+00,    0.00000e+00,    2.21924e+00,    0.00000e+00,   -1.00000e-02,    0.00000e+00,    1.21853e+04,    0.00000e+00,    4.46339e+02,    0.00000e+00,    2.24662e+00,    0.00000e+00,    4.51845e+02,    0.00000e+00,    1.40247e+02,    0.00000e+00,    3.73462e+01,    0.00000e+00,    4.26903e+01,    0.00000e+00,    1.05000e+01,    0.00000e+00,    1.14823e+01,    0.00000e+00,              3,              0,       1 meters
  07/30/2020 12:49:58.000,    2.21844e+00,    0.00000e+00,    2.21844e+00,    0.00000e+00,   -1.00000e-02,    0.00000e+00,    1.22166e+04,    0.00000e+00,    4.45231e+02,    0.00000e+00,    2.24588e+00,    0.00000e+00,    4.50738e+02,    0.00000e+00,    1.40272e+02,    0.00000e+00,    3.73464e+01,    0.00000e+00,    4.26931e+01,    0.00000e+00,    1.05077e+01,    0.00000e+00,    1.14817e+01,    0.00000e+00,              3,              0,       1 meters
  07/30/2020 12:49:58.994,    2.22111e+00,    0.00000e+00,    2.22111e+00,    0.00000e+00,   -1.00000e-02,    0.00000e+00,    1.22328e+04,    0.00000e+00,    4.44618e+02,    0.00000e+00,    2.24861e+00,    0.00000e+00,    4.50125e+02,    0.00000e+00,    1.40254e+02,    0.00000e+00,    3.73469e+01,    0.00000e+00,    4.26961e+01,    0.00000e+00,    1.05034e+01,    0.00000e+00,    1.14860e+01,    0.00000e+00,              3,              0,       1 meters
  07/30/2020 12:49:59.989,    2.21865e+00,    0.00000e+00,    2.21865e+00,    0.00000e+00,   -1.00000e-02,    0.00000e+00,    1.21966e+04,    0.00000e+00,    4.44717e+02,    0.00000e+00,    2.24604e+00,    0.00000e+00,    4.50208e+02,    0.00000e+00,    1.40245e+02,    0.00000e+00,    3.73476e+01,    0.00000e+00,    4.26991e+01,    0.00000e+00,    1.05083e+01,    0.00000e+00,    1.14776e+01,    0.00000e+00,              3,              0,       1 meters
  07/30/2020 12:50:00.986,    2.22003e+00,    0.00000e+00,    2.22003e+00,    0.00000e+00,   -1.00000e-02,    0.00000e+00,    1.21969e+04,    0.00000e+00,    4.44036e+02,    0.00000e+00,    2.24744e+00,    0.00000e+00,    4.49519e+02,    0.00000e+00,    1.40243e+02,    0.00000e+00,    3.73484e+01,    0.00000e+00,    4.27037e+01,    0.00000e+00,    1.05042e+01,    0.00000e+00,    1.14846e+01,    0.00000e+00,              3,              0,       1 meters
  07/30/2020 12:50:01.981,    2.21951e+00,    0.00000e+00,    2.21951e+00,    0.00000e+00,   -1.00000e-02,    0.00000e+00,    1.22152e+04,    0.00000e+00,    4.44306e+02,    0.00000e+00,    2.24696e+00,    0.00000e+00,    4.49801e+02,    0.00000e+00,    1.40250e+02,    0.00000e+00,    3.73490e+01,    0.00000e+00,    4.27113e+01,    0.00000e+00,    1.05090e+01,    0.00000e+00,    1.14791e+01,    0.00000e+00,              3,              0,       1 meters
  07/30/2020 12:50:02.977,    2.22071e+00,    0.00000e+00,    2.22071e+00,    0.00000e+00,   -1.00000e-02,    0.00000e+00,    1.21937e+04,    0.00000e+00,    4.43712e+02,    0.00000e+00,    2.24812e+00,    0.00000e+00,    4.49190e+02,    0.00000e+00,    1.40243e+02,    0.00000e+00,    3.73494e+01,    0.00000e+00,    4.27143e+01,    0.00000e+00,    1.05070e+01,    0.00000e+00,    1.14839e+01,    0.00000e+00,              3,              0,       1 meters
  07/30/2020 12:50:03.972,    2.22230e+00,    0.00000e+00,    2.22230e+00,    0.00000e+00,   -1.00000e-02,    0.00000e+00,    1.22415e+04,    0.00000e+00,    4.42902e+02,    0.00000e+00,    2.24984e+00,    0.00000e+00,    4.48391e+02,    0.00000e+00,    1.40245e+02,    0.00000e+00,    3.73500e+01,    0.00000e+00,    4.27154e+01,    0.00000e+00,    1.05034e+01,    0.00000e+00,    1.14841e+01,    0.00000e+00,              3,              0,       1 meters
  07/30/2020 12:50:04.986,    2.21972e+00,    0.00000e+00,    2.21972e+00,    0.00000e+00,   -1.00000e-02,    0.00000e+00,    1.21775e+04,    0.00000e+00,    4.42440e+02,    0.00000e+00,    2.24708e+00,    0.00000e+00,    4.47895e+02,    0.00000e+00,    1.40250e+02,    0.00000e+00,    3.73505e+01,    0.00000e+00,    4.27131e+01,    0.00000e+00,    1.05085e+01,    0.00000e+00,    1.14799e+01,    0.00000e+00,              3,              0,       1 meters
  07/30/2020 12:50:05.993,    2.22173e+00,    0.00000e+00,    2.22173e+00,    0.00000e+00,   -1.00000e-02,    0.00000e+00,    1.21884e+04,    0.00000e+00,    4.41088e+02,    0.00000e+00,    2.24915e+00,    0.00000e+00,    4.46530e+02,    0.00000e+00,    1.40256e+02,    0.00000e+00,    3.73497e+01,    0.00000e+00,    4.27062e+01,    0.00000e+00,    1.05084e+01,    0.00000e+00,    1.14844e+01,    0.00000e+00,              3,              0,       1 meters
