SN:3K430000005894 BD:Feb 22 2019 VC:6c0e877 MD5:fe950200890c20b9a008e6312c98ea70
SysTime,                      Time,      [CH4]_ppm,   [CH4]_ppm_sd,      [CO2]_ppm,   [CO2]_ppm_sd,      [H2O]_ppm,   [H2O]_ppm_sd,     [CH4]d_ppm,  [CH4]d_ppm_sd,     [CO2]d_ppm,  [CO2]d_ppm_sd,      GasP_torr,   GasP_torr_sd,         GasT_C,      GasT_C_sd,         AmbT_C,      AmbT_C_sd,         RD0_us,      RD0_us_sd,         RD1_us,      RD1_us_sd,         LTC0_v,      LTC0_v_sd,         LTC1_v,      LTC1_v_sd,         Batt_v,      Batt_v_sd,   BATT_PERCENT,BATT_PERCENT_sd, Temp_Status_mA,Analyzer_Status_mA,       Fit_Flag,      MIU_VALVE,       MIU_DESC
06/28/2023 16:31:14.704, 06/28/2023 16:31:14.655, 2.06889e+0, 0.00000e+0, 4.08447e+2, 0.00000e+0, 5.48493e+2, 0.00000e+0, 2.07003e+0, 0.00000e+0, 4.08671e+2, 0.00000e+0, 4.99658e+2, 0.00000e+0, 3.63518e+1, 0.00000e+0, 3.75690e+1, 0.00000e+0, 3.99646e+0, 0.00000e+0, 3.35022e+0, 0.00000e+0, 1.68251e+0, 0.00000e+0, -5.52288e+0, 0.00000e+0, 4.08767e+0, 0.00000e+0, 9.63398e+1, 0.00000e+0, 2.00000e+1, 1.80000e+1, 2, -1, Disabled
06/28/2023 16:31:16.751, 06/28/2023 16:31:16.692, 2.06907e+0, 0.00000e+0, 4.08728e+2, 0.00000e+0, 5.54406e+2, 0.00000e+0, 2.07021e+0, 0.00000e+0, 4.08955e+2, 0.00000e+0, 4.99636e+2, 0.00000e+0, 3.63496e+1, 0.00000e+0, 3.75694e+1, 0.00000e+0, 3.99663e+0, 0.00000e+0, 3.35026e+0, 0.00000e+0, 1.68208e+0, 0.00000e+0, -5.52239e+0, 0.00000e+0, 4.08853e+0, 0.00000e+0, 9.64795e+1, 0.00000e+0, 2.00000e+1, 1.80000e+1, 2, -1, Disabled
06/28/2023 16:31:18.774, 06/28/2023 16:31:18.726, 2.06936e+0, 0.00000e+0, 4.07865e+2, 0.00000e+0, 5.47379e+2, 0.00000e+0, 2.07050e+0, 0.00000e+0, 4.08088e+2, 0.00000e+0, 4.99642e+2, 0.00000e+0, 3.63539e+1, 0.00000e+0, 3.75712e+1, 0.00000e+0, 3.99595e+0, 0.00000e+0, 3.35046e+0, 0.00000e+0, 1.68169e+0, 0.00000e+0, -5.52236e+0, 0.00000e+0, 4.08938e+0, 0.00000e+0, 9.66200e+1, 0.00000e+0, 2.00000e+1, 1.80000e+1, 2, -1, Disabled
06/28/2023 16:31:20.822, 06/28/2023 16:31:20.762, 2.06873e+0, 0.00000e+0, 4.07082e+2, 0.00000e+0, 5.57437e+2, 0.00000e+0, 2.06989e+0, 0.00000e+0, 4.07309e+2, 0.00000e+0, 4.99644e+2, 0.00000e+0, 3.63581e+1, 0.00000e+0, 3.75740e+1, 0.00000e+0, 3.99635e+0, 0.00000e+0, 3.35011e+0, 0.00000e+0, 1.68132e+0, 0.00000e+0, -5.52257e+0, 0.00000e+0, 4.09050e+0, 0.00000e+0, 9.68037e+1, 0.00000e+0, 2.00000e+1, 1.80000e+1, 2, -1, Disabled
06/28/2023 16:31:22.845, 06/28/2023 16:31:22.798, 2.06949e+0, 0.00000e+0, 4.06357e+2, 0.00000e+0, 5.40523e+2, 0.00000e+0, 2.07060e+0, 0.00000e+0, 4.06577e+2, 0.00000e+0, 4.99706e+2, 0.00000e+0, 3.63601e+1, 0.00000e+0, 3.75807e+1, 0.00000e+0, 3.99543e+0, 0.00000e+0, 3.35015e+0, 0.00000e+0, 1.68098e+0, 0.00000e+0, -5.52290e+0, 0.00000e+0, 4.09003e+0, 0.00000e+0, 9.67267e+1, 0.00000e+0, 2.00000e+1, 1.80000e+1, 2, -1, Disabled
06/28/2023 16:31:24.890, 06/28/2023 16:31:24.835, 2.06977e+0, 0.00000e+0, 4.06088e+2, 0.00000e+0, 5.58208e+2, 0.00000e+0, 2.07092e+0, 0.00000e+0, 4.06315e+2, 0.00000e+0, 4.99658e+2, 0.00000e+0, 3.63625e+1, 0.00000e+0, 3.75807e+1, 0.00000e+0, 3.99631e+0, 0.00000e+0, 3.34981e+0, 0.00000e+0, 1.68065e+0, 0.00000e+0, -5.52331e+0, 0.00000e+0, 4.09186e+0, 0.00000e+0, 9.70267e+1, 0.00000e+0, 2.00000e+1, 1.80000e+1, 2, -1, Disabled
06/28/2023 16:31:26.914, 06/28/2023 16:31:26.871, 2.06964e+0, 0.00000e+0, 4.05455e+2, 0.00000e+0, 5.54745e+2, 0.00000e+0, 2.07079e+0, 0.00000e+0, 4.05680e+2, 0.00000e+0, 4.99677e+2, 0.00000e+0, 3.63624e+1, 0.00000e+0, 3.75844e+1, 0.00000e+0, 3.99590e+0, 0.00000e+0, 3.35021e+0, 0.00000e+0, 1.68035e+0, 0.00000e+0, -5.52373e+0, 0.00000e+0, 4.09219e+0, 0.00000e+0, 9.70807e+1, 0.00000e+0, 2.00000e+1, 1.80000e+1, 3, -1, Disabled
06/28/2023 16:31:29.040, 06/28/2023 16:31:28.906, 2.06969e+0, 0.00000e+0, 4.05385e+2, 0.00000e+0, 5.34513e+2, 0.00000e+0, 2.07080e+0, 0.00000e+0, 4.05602e+2, 0.00000e+0, 4.99644e+2, 0.00000e+0, 3.63868e+1, 0.00000e+0, 3.75893e+1, 0.00000e+0, 3.99559e+0, 0.00000e+0, 3.35000e+0, 0.00000e+0, 1.68006e+0, 0.00000e+0, -5.52413e+0, 0.00000e+0, 4.09330e+0, 0.00000e+0, 9.72629e+1, 0.00000e+0, 2.00000e+1, 1.80000e+1, 3, -1, Disabled
06/28/2023 16:31:31.000, 06/28/2023 16:31:30.949, 2.06928e+0, 0.00000e+0, 4.05096e+2, 0.00000e+0, 5.41258e+2, 0.00000e+0, 2.07040e+0, 0.00000e+0, 4.05316e+2, 0.00000e+0, 4.99699e+2, 0.00000e+0, 3.63620e+1, 0.00000e+0, 3.75947e+1, 0.00000e+0, 3.99590e+0, 0.00000e+0, 3.35017e+0, 0.00000e+0, 1.67978e+0, 0.00000e+0, -5.52452e+0, 0.00000e+0, 4.09310e+0, 0.00000e+0, 9.72293e+1, 0.00000e+0, 2.00000e+1, 1.80000e+1, 3, -1, Disabled
06/28/2023 16:31:33.072, 06/28/2023 16:31:32.984, 2.06950e+0, 0.00000e+0, 4.05037e+2, 0.00000e+0, 5.43702e+2, 0.00000e+0, 2.07062e+0, 0.00000e+0, 4.05258e+2, 0.00000e+0, 4.99669e+2, 0.00000e+0, 3.63719e+1, 0.00000e+0, 3.75992e+1, 0.00000e+0, 3.99655e+0, 0.00000e+0, 3.34995e+0, 0.00000e+0, 1.67952e+0, 0.00000e+0, -5.52489e+0, 0.00000e+0, 4.09372e+0, 0.00000e+0, 9.73314e+1, 0.00000e+0, 2.00000e+1, 1.80000e+1, 3, -1, Disabled
06/28/2023 16:31:35.068, 06/28/2023 16:31:35.020, 2.06954e+0, 0.00000e+0, 4.04912e+2, 0.00000e+0, 5.48076e+2, 0.00000e+0, 2.07068e+0, 0.00000e+0, 4.05134e+2, 0.00000e+0, 4.99738e+2, 0.00000e+0, 3.63683e+1, 0.00000e+0, 3.76021e+1, 0.00000e+0, 3.99579e+0, 0.00000e+0, 3.35032e+0, 0.00000e+0, 1.67928e+0, 0.00000e+0, -5.52522e+0, 0.00000e+0, 4.09486e+0, 0.00000e+0, 9.75184e+1, 0.00000e+0, 2.00000e+1, 1.80000e+1, 3, -1, Disabled
06/28/2023 16:31:37.126, 06/28/2023 16:31:37.056, 2.06965e+0, 0.00000e+0, 4.04833e+2, 0.00000e+0, 5.49573e+2, 0.00000e+0, 2.07079e+0, 0.00000e+0, 4.05056e+2, 0.00000e+0, 4.99666e+2, 0.00000e+0, 3.63723e+1, 0.00000e+0, 3.76082e+1, 0.00000e+0, 3.99558e+0, 0.00000e+0, 3.34986e+0, 0.00000e+0, 1.67905e+0, 0.00000e+0, -5.52552e+0, 0.00000e+0, 4.09557e+0, 0.00000e+0, 9.76349e+1, 0.00000e+0, 2.00000e+1, 1.80000e+1, 3, -1, Disabled
06/28/2023 16:31:39.145, 06/28/2023 16:31:39.091, 2.06979e+0, 0.00000e+0, 4.04837e+2, 0.00000e+0, 5.48898e+2, 0.00000e+0, 2.07093e+0, 0.00000e+0, 4.05059e+2, 0.00000e+0, 4.99674e+2, 0.00000e+0, 3.63703e+1, 0.00000e+0, 3.76124e+1, 0.00000e+0, 3.99553e+0, 0.00000e+0, 3.35008e+0, 0.00000e+0, 1.67882e+0, 0.00000e+0, -5.52581e+0, 0.00000e+0, 4.09567e+0, 0.00000e+0, 9.76514e+1, 0.00000e+0, 2.00000e+1, 1.80000e+1, 3, -1, Disabled
06/28/2023 16:31:41.210, 06/28/2023 16:31:41.128, 2.07008e+0, 0.00000e+0, 4.04790e+2, 0.00000e+0, 5.44853e+2, 0.00000e+0, 2.07121e+0, 0.00000e+0, 4.05011e+2, 0.00000e+0, 4.99688e+2, 0.00000e+0, 3.63735e+1, 0.00000e+0, 3.76204e+1, 0.00000e+0, 3.99574e+0, 0.00000e+0, 3.35020e+0, 0.00000e+0, 1.67861e+0, 0.00000e+0, -5.52607e+0, 0.00000e+0, 4.09602e+0, 0.00000e+0, 9.77081e+1, 0.00000e+0, 2.00000e+1, 1.80000e+1, 3, -1, Disabled
06/28/2023 16:31:43.211, 06/28/2023 16:31:43.163, 2.07056e+0, 0.00000e+0, 4.04806e+2, 0.00000e+0, 5.51894e+2, 0.00000e+0, 2.07170e+0, 0.00000e+0, 4.05029e+2, 0.00000e+0, 4.99706e+2, 0.00000e+0, 3.64059e+1, 0.00000e+0, 3.76253e+1, 0.00000e+0, 3.99589e+0, 0.00000e+0, 3.35046e+0, 0.00000e+0, 1.67840e+0, 0.00000e+0, -5.52631e+0, 0.00000e+0, 4.09677e+0, 0.00000e+0, 9.78305e+1, 0.00000e+0, 2.00000e+1, 1.80000e+1, 3, -1, Disabled
06/28/2023 16:31:45.275, 06/28/2023 16:31:45.199, 2.06989e+0, 0.00000e+0, 4.04859e+2, 0.00000e+0, 5.42485e+2, 0.00000e+0, 2.07101e+0, 0.00000e+0, 4.05078e+2, 0.00000e+0, 4.99708e+2, 0.00000e+0, 3.63706e+1, 0.00000e+0, 3.76399e+1, 0.00000e+0, 3.99606e+0, 0.00000e+0, 3.34995e+0, 0.00000e+0, 1.67822e+0, 0.00000e+0, -5.52653e+0, 0.00000e+0, 4.09754e+0, 0.00000e+0, 9.79567e+1, 0.00000e+0, 2.00000e+1, 1.80000e+1, 3, -1, Disabled
06/28/2023 16:31:47.280, 06/28/2023 16:31:47.234, 2.07003e+0, 0.00000e+0, 4.04829e+2, 0.00000e+0, 5.36561e+2, 0.00000e+0, 2.07115e+0, 0.00000e+0, 4.05047e+2, 0.00000e+0, 4.99625e+2, 0.00000e+0, 3.63798e+1, 0.00000e+0, 3.76499e+1, 0.00000e+0, 3.99632e+0, 0.00000e+0, 3.34996e+0, 0.00000e+0, 1.67804e+0, 0.00000e+0, -5.52674e+0, 0.00000e+0, 4.09811e+0, 0.00000e+0, 9.80510e+1, 0.00000e+0, 2.00000e+1, 1.80000e+1, 3, -1, Disabled
06/28/2023 16:31:49.344, 06/28/2023 16:31:49.270, 2.06933e+0, 0.00000e+0, 4.04546e+2, 0.00000e+0, 5.52955e+2, 0.00000e+0, 2.07047e+0, 0.00000e+0, 4.04770e+2, 0.00000e+0, 4.99686e+2, 0.00000e+0, 3.63719e+1, 0.00000e+0, 3.76543e+1, 0.00000e+0, 3.99611e+0, 0.00000e+0, 3.35009e+0, 0.00000e+0, 1.67788e+0, 0.00000e+0, -5.52693e+0, 0.00000e+0, 4.09869e+0, 0.00000e+0, 9.81463e+1, 0.00000e+0, 2.00000e+1, 1.80000e+1, 3, -1, Disabled
06/28/2023 16:31:51.350, 06/28/2023 16:31:51.306, 2.07032e+0, 0.00000e+0, 4.04693e+2, 0.00000e+0, 5.54737e+2, 0.00000e+0, 2.07147e+0, 0.00000e+0, 4.04918e+2, 0.00000e+0, 4.99704e+2, 0.00000e+0, 3.63777e+1, 0.00000e+0, 3.76580e+1, 0.00000e+0, 3.99581e+0, 0.00000e+0, 3.34997e+0, 0.00000e+0, 1.67771e+0, 0.00000e+0, -5.52710e+0, 0.00000e+0, 4.09834e+0, 0.00000e+0, 9.80888e+1, 0.00000e+0, 2.00000e+1, 1.80000e+1, 3, -1, Disabled
06/28/2023 16:31:53.401, 06/28/2023 16:31:53.342, 2.07062e+0, 0.00000e+0, 4.04801e+2, 0.00000e+0, 5.33543e+2, 0.00000e+0, 2.07172e+0, 0.00000e+0, 4.05017e+2, 0.00000e+0, 4.99634e+2, 0.00000e+0, 3.63892e+1, 0.00000e+0, 3.76620e+1, 0.00000e+0, 3.99609e+0, 0.00000e+0, 3.35014e+0, 0.00000e+0, 1.67756e+0, 0.00000e+0, -5.52727e+0, 0.00000e+0, 4.09976e+0, 0.00000e+0, 9.83205e+1, 0.00000e+0, 2.00000e+1, 1.80000e+1, 3, -1, Disabled
06/28/2023 16:31:55.426, 06/28/2023 16:31:55.378, 2.07007e+0, 0.00000e+0, 4.04697e+2, 0.00000e+0, 5.50056e+2, 0.00000e+0, 2.07121e+0, 0.00000e+0, 4.04920e+2, 0.00000e+0, 4.99672e+2, 0.00000e+0, 3.63822e+1, 0.00000e+0, 3.76641e+1, 0.00000e+0, 3.99590e+0, 0.00000e+0, 3.35003e+0, 0.00000e+0, 1.67741e+0, 0.00000e+0, -5.52741e+0, 0.00000e+0, 4.09996e+0, 0.00000e+0, 9.83545e+1, 0.00000e+0, 2.00000e+1, 1.80000e+1, 3, -1, Disabled
06/28/2023 16:31:57.471, 06/28/2023 16:31:57.413, 2.06996e+0, 0.00000e+0, 4.04657e+2, 0.00000e+0, 5.41209e+2, 0.00000e+0, 2.07108e+0, 0.00000e+0, 4.04876e+2, 0.00000e+0, 4.99695e+2, 0.00000e+0, 3.63976e+1, 0.00000e+0, 3.76660e+1, 0.00000e+0, 3.99599e+0, 0.00000e+0, 3.35009e+0, 0.00000e+0, 1.67728e+0, 0.00000e+0, -5.52753e+0, 0.00000e+0, 4.10044e+0, 0.00000e+0, 9.84330e+1, 0.00000e+0, 2.00000e+1, 1.80000e+1, 3, -1, Disabled
06/28/2023 16:31:59.495, 06/28/2023 16:31:59.450, 2.07012e+0, 0.00000e+0, 4.04748e+2, 0.00000e+0, 5.35263e+2, 0.00000e+0, 2.07122e+0, 0.00000e+0, 4.04965e+2, 0.00000e+0, 4.99654e+2, 0.00000e+0, 3.64144e+1, 0.00000e+0, 3.76672e+1, 0.00000e+0, 3.99571e+0, 0.00000e+0, 3.35034e+0, 0.00000e+0, 1.67715e+0, 0.00000e+0, -5.52765e+0, 0.00000e+0, 4.09982e+0, 0.00000e+0, 9.83313e+1, 0.00000e+0, 2.00000e+1, 1.80000e+1, 3, -1, Disabled
06/28/2023 16:32:01.545, 06/28/2023 16:32:01.485, 2.07145e+0, 0.00000e+0, 4.04836e+2, 0.00000e+0, 5.31088e+2, 0.00000e+0, 2.07255e+0, 0.00000e+0, 4.05052e+2, 0.00000e+0, 4.99671e+2, 0.00000e+0, 3.64210e+1, 0.00000e+0, 3.76723e+1, 0.00000e+0, 3.99540e+0, 0.00000e+0, 3.35018e+0, 0.00000e+0, 1.67704e+0, 0.00000e+0, -5.52777e+0, 0.00000e+0, 4.09952e+0, 0.00000e+0, 9.82818e+1, 0.00000e+0, 2.00000e+1, 1.80000e+1, 3, -1, Disabled
06/28/2023 16:32:03.569, 06/28/2023 16:32:03.520, 2.07132e+0, 0.00000e+0, 4.04853e+2, 0.00000e+0, 5.15599e+2, 0.00000e+0, 2.07238e+0, 0.00000e+0, 4.05062e+2, 0.00000e+0, 4.99669e+2, 0.00000e+0, 3.63978e+1, 0.00000e+0, 3.76836e+1, 0.00000e+0, 3.99586e+0, 0.00000e+0, 3.35014e+0, 0.00000e+0, 1.67693e+0, 0.00000e+0, -5.52786e+0, 0.00000e+0, 4.10152e+0, 0.00000e+0, 9.86105e+1, 0.00000e+0, 2.00000e+1, 1.80000e+1, 3, -1, Disabled
06/28/2023 16:32:05.611, 06/28/2023 16:32:05.557, 2.07081e+0, 0.00000e+0, 4.04677e+2, 0.00000e+0, 5.22728e+2, 0.00000e+0, 2.07190e+0, 0.00000e+0, 4.04889e+2, 0.00000e+0, 4.99636e+2, 0.00000e+0, 3.63952e+1, 0.00000e+0, 3.76964e+1, 0.00000e+0, 3.99572e+0, 0.00000e+0, 3.35028e+0, 0.00000e+0, 1.67683e+0, 0.00000e+0, -5.52796e+0, 0.00000e+0, 4.10230e+0, 0.00000e+0, 9.87381e+1, 0.00000e+0, 2.00000e+1, 1.00000e+1, 3, -1, Disabled
06/28/2023 16:32:07.639, 06/28/2023 16:32:07.592, 2.07072e+0, 0.00000e+0, 4.04640e+2, 0.00000e+0, 5.36812e+2, 0.00000e+0, 2.07183e+0, 0.00000e+0, 4.04857e+2, 0.00000e+0, 4.99650e+2, 0.00000e+0, 3.64031e+1, 0.00000e+0, 3.77078e+1, 0.00000e+0, 3.99568e+0, 0.00000e+0, 3.35004e+0, 0.00000e+0, 1.67673e+0, 0.00000e+0, -5.52803e+0, 0.00000e+0, 4.10291e+0, 0.00000e+0, 9.88370e+1, 0.00000e+0, 2.00000e+1, 1.00000e+1, 3, -1, Disabled
06/28/2023 16:32:09.683, 06/28/2023 16:32:09.628, 2.07133e+0, 0.00000e+0, 4.04794e+2, 0.00000e+0, 5.15376e+2, 0.00000e+0, 2.07240e+0, 0.00000e+0, 4.05003e+2, 0.00000e+0, 4.99669e+2, 0.00000e+0, 3.63983e+1, 0.00000e+0, 3.77145e+1, 0.00000e+0, 3.99576e+0, 0.00000e+0, 3.35002e+0, 0.00000e+0, 1.67664e+0, 0.00000e+0, -5.52811e+0, 0.00000e+0, 4.10299e+0, 0.00000e+0, 9.88503e+1, 0.00000e+0, 2.00000e+1, 1.00000e+1, 3, -1, Disabled
06/28/2023 16:32:11.711, 06/28/2023 16:32:11.664, 2.07092e+0, 0.00000e+0, 4.04679e+2, 0.00000e+0, 5.05642e+2, 0.00000e+0, 2.07197e+0, 0.00000e+0, 4.04884e+2, 0.00000e+0, 4.99701e+2, 0.00000e+0, 3.64009e+1, 0.00000e+0, 3.77182e+1, 0.00000e+0, 3.99552e+0, 0.00000e+0, 3.34992e+0, 0.00000e+0, 1.67656e+0, 0.00000e+0, -5.52818e+0, 0.00000e+0, 4.10340e+0, 0.00000e+0, 9.89181e+1, 0.00000e+0, 2.00000e+1, 1.00000e+1, 3, -1, Disabled
06/28/2023 16:32:13.755, 06/28/2023 16:32:13.699, 2.07093e+0, 0.00000e+0, 4.04808e+2, 0.00000e+0, 5.15261e+2, 0.00000e+0, 2.07200e+0, 0.00000e+0, 4.05017e+2, 0.00000e+0, 4.99634e+2, 0.00000e+0, 3.64049e+1, 0.00000e+0, 3.77257e+1, 0.00000e+0, 3.99590e+0, 0.00000e+0, 3.34998e+0, 0.00000e+0, 1.67648e+0, 0.00000e+0, -5.52826e+0, 0.00000e+0, 4.10430e+0, 0.00000e+0, 9.90655e+1, 0.00000e+0, 2.00000e+1, 1.00000e+1, 3, -1, Disabled
06/28/2023 16:32:15.781, 06/28/2023 16:32:15.736, 2.07011e+0, 0.00000e+0, 4.04705e+2, 0.00000e+0, 5.34627e+2, 0.00000e+0, 2.07121e+0, 0.00000e+0, 4.04921e+2, 0.00000e+0, 4.99683e+2, 0.00000e+0, 3.64081e+1, 0.00000e+0, 3.77276e+1, 0.00000e+0, 3.99615e+0, 0.00000e+0, 3.35016e+0, 0.00000e+0, 1.67640e+0, 0.00000e+0, -5.52831e+0, 0.00000e+0, 4.10475e+0, 0.00000e+0, 9.91395e+1, 0.00000e+0, 2.00000e+1, 1.00000e+1, 3, -1, Disabled
06/28/2023 16:32:17.832, 06/28/2023 16:32:17.771, 2.07113e+0, 0.00000e+0, 4.04643e+2, 0.00000e+0, 5.14567e+2, 0.00000e+0, 2.07219e+0, 0.00000e+0, 4.04852e+2, 0.00000e+0, 4.99635e+2, 0.00000e+0, 3.64140e+1, 0.00000e+0, 3.77321e+1, 0.00000e+0, 3.99576e+0, 0.00000e+0, 3.35038e+0, 0.00000e+0, 1.67634e+0, 0.00000e+0, -5.52835e+0, 0.00000e+0, 4.10496e+0, 0.00000e+0, 9.91733e+1, 0.00000e+0, 2.00000e+1, 1.00000e+1, 3, -1, Disabled
06/28/2023 16:32:19.856, 06/28/2023 16:32:19.808, 2.07121e+0, 0.00000e+0, 4.04667e+2, 0.00000e+0, 5.13107e+2, 0.00000e+0, 2.07227e+0, 0.00000e+0, 4.04875e+2, 0.00000e+0, 4.99659e+2, 0.00000e+0, 3.64159e+1, 0.00000e+0, 3.77383e+1, 0.00000e+0, 3.99531e+0, 0.00000e+0, 3.35010e+0, 0.00000e+0, 1.67628e+0, 0.00000e+0, -5.52840e+0, 0.00000e+0, 4.10449e+0, 0.00000e+0, 9.90960e+1, 0.00000e+0, 2.00000e+1, 1.00000e+1, 3, -1, Disabled
06/28/2023 16:32:21.897, 06/28/2023 16:32:21.843, 2.07098e+0, 0.00000e+0, 4.04728e+2, 0.00000e+0, 5.04494e+2, 0.00000e+0, 2.07203e+0, 0.00000e+0, 4.04932e+2, 0.00000e+0, 4.99620e+2, 0.00000e+0, 3.64100e+1, 0.00000e+0, 3.77423e+1, 0.00000e+0, 3.99585e+0, 0.00000e+0, 3.35014e+0, 0.00000e+0, 1.67622e+0, 0.00000e+0, -5.52845e+0, 0.00000e+0, 4.10584e+0, 0.00000e+0, 9.93173e+1, 0.00000e+0, 2.00000e+1, 1.00000e+1, 3, -1, Disabled
06/28/2023 16:32:23.925, 06/28/2023 16:32:23.878, 2.07091e+0, 0.00000e+0, 4.04555e+2, 0.00000e+0, 4.95363e+2, 0.00000e+0, 2.07194e+0, 0.00000e+0, 4.04756e+2, 0.00000e+0, 4.99673e+2, 0.00000e+0, 3.64141e+1, 0.00000e+0, 3.77483e+1, 0.00000e+0, 3.99588e+0, 0.00000e+0, 3.35038e+0, 0.00000e+0, 1.67616e+0, 0.00000e+0, -5.52850e+0, 0.00000e+0, 4.10620e+0, 0.00000e+0, 9.93763e+1, 0.00000e+0, 2.00000e+1, 1.00000e+1, 3, -1, Disabled
06/28/2023 16:32:25.973, 06/28/2023 16:32:25.915, 2.07156e+0, 0.00000e+0, 4.04700e+2, 0.00000e+0, 5.21982e+2, 0.00000e+0, 2.07264e+0, 0.00000e+0, 4.04911e+2, 0.00000e+0, 4.99640e+2, 0.00000e+0, 3.64123e+1, 0.00000e+0, 3.77551e+1, 0.00000e+0, 3.99586e+0, 0.00000e+0, 3.35027e+0, 0.00000e+0, 1.67611e+0, 0.00000e+0, -5.52854e+0, 0.00000e+0, 4.10690e+0, 0.00000e+0, 9.94921e+1, 0.00000e+0, 2.00000e+1, 1.00000e+1, 3, -1, Disabled
06/28/2023 16:32:27.999, 06/28/2023 16:32:27.950, 2.07104e+0, 0.00000e+0, 4.04677e+2, 0.00000e+0, 5.11651e+2, 0.00000e+0, 2.07210e+0, 0.00000e+0, 4.04884e+2, 0.00000e+0, 4.99664e+2, 0.00000e+0, 3.64183e+1, 0.00000e+0, 3.77640e+1, 0.00000e+0, 3.99574e+0, 0.00000e+0, 3.35001e+0, 0.00000e+0, 1.67607e+0, 0.00000e+0, -5.52856e+0, 0.00000e+0, 4.10732e+0, 0.00000e+0, 9.95608e+1, 0.00000e+0, 2.00000e+1, 1.00000e+1, 3, -1, Disabled
06/28/2023 16:32:30.042, 06/28/2023 16:32:29.986, 2.07154e+0, 0.00000e+0, 4.04741e+2, 0.00000e+0, 5.14871e+2, 0.00000e+0, 2.07261e+0, 0.00000e+0, 4.04950e+2, 0.00000e+0, 4.99671e+2, 0.00000e+0, 3.64321e+1, 0.00000e+0, 3.77747e+1, 0.00000e+0, 3.99514e+0, 0.00000e+0, 3.35000e+0, 0.00000e+0, 1.67603e+0, 0.00000e+0, -5.52858e+0, 0.00000e+0, 4.10670e+0, 0.00000e+0, 9.94591e+1, 0.00000e+0, 2.00000e+1, 1.00000e+1, 3, -1, Disabled
06/28/2023 16:32:32.070, 06/28/2023 16:32:32.022, 2.07121e+0, 0.00000e+0, 4.04757e+2, 0.00000e+0, 4.90285e+2, 0.00000e+0, 2.07223e+0, 0.00000e+0, 4.04956e+2, 0.00000e+0, 4.99647e+2, 0.00000e+0, 3.64202e+1, 0.00000e+0, 3.77856e+1, 0.00000e+0, 3.99586e+0, 0.00000e+0, 3.35053e+0, 0.00000e+0, 1.67599e+0, 0.00000e+0, -5.52860e+0, 0.00000e+0, 4.10790e+0, 0.00000e+0, 9.96553e+1, 0.00000e+0, 2.00000e+1, 1.00000e+1, 3, -1, Disabled
06/28/2023 16:32:34.116, 06/28/2023 16:32:34.058, 2.07078e+0, 0.00000e+0, 4.04559e+2, 0.00000e+0, 4.97980e+2, 0.00000e+0, 2.07182e+0, 0.00000e+0, 4.04760e+2, 0.00000e+0, 4.99680e+2, 0.00000e+0, 3.64192e+1, 0.00000e+0, 3.77917e+1, 0.00000e+0, 3.99563e+0, 0.00000e+0, 3.35029e+0, 0.00000e+0, 1.67595e+0, 0.00000e+0, -5.52862e+0, 0.00000e+0, 4.10847e+0, 0.00000e+0, 9.97496e+1, 0.00000e+0, 2.00000e+1, 1.00000e+1, 3, -1, Disabled
06/28/2023 16:32:36.146, 06/28/2023 16:32:36.100, 2.07119e+0, 0.00000e+0, 4.04703e+2, 0.00000e+0, 4.94454e+2, 0.00000e+0, 2.07222e+0, 0.00000e+0, 4.04903e+2, 0.00000e+0, 4.99620e+2, 0.00000e+0, 3.64211e+1, 0.00000e+0, 3.78025e+1, 0.00000e+0, 3.99527e+0, 0.00000e+0, 3.35027e+0, 0.00000e+0, 1.67591e+0, 0.00000e+0, -5.52864e+0, 0.00000e+0, 4.10897e+0, 0.00000e+0, 9.98313e+1, 0.00000e+0, 2.00000e+1, 1.00000e+1, 3, -1, Disabled
06/28/2023 16:32:38.195, 06/28/2023 16:32:38.136, 2.07106e+0, 0.00000e+0, 4.04725e+2, 0.00000e+0, 5.12872e+2, 0.00000e+0, 2.07212e+0, 0.00000e+0, 4.04932e+2, 0.00000e+0, 4.99641e+2, 0.00000e+0, 3.64304e+1, 0.00000e+0, 3.78090e+1, 0.00000e+0, 3.99562e+0, 0.00000e+0, 3.34974e+0, 0.00000e+0, 1.67588e+0, 0.00000e+0, -5.52865e+0, 0.00000e+0, 4.10912e+0, 0.00000e+0, 9.98561e+1, 0.00000e+0, 2.00000e+1, 1.00000e+1, 3, -1, Disabled
06/28/2023 16:32:40.215, 06/28/2023 16:32:40.172, 2.07111e+0, 0.00000e+0, 4.04736e+2, 0.00000e+0, 4.72022e+2, 0.00000e+0, 2.07209e+0, 0.00000e+0, 4.04927e+2, 0.00000e+0, 4.99690e+2, 0.00000e+0, 3.64380e+1, 0.00000e+0, 3.78142e+1, 0.00000e+0, 3.99562e+0, 0.00000e+0, 3.35020e+0, 0.00000e+0, 1.67584e+0, 0.00000e+0, -5.52867e+0, 0.00000e+0, 4.10909e+0, 0.00000e+0, 9.98501e+1, 0.00000e+0, 2.00000e+1, 1.00000e+1, 3, -1, Disabled
06/28/2023 16:32:42.271, 06/28/2023 16:32:42.207, 2.07178e+0, 0.00000e+0, 4.04708e+2, 0.00000e+0, 4.82941e+2, 0.00000e+0, 2.07278e+0, 0.00000e+0, 4.04903e+2, 0.00000e+0, 4.99649e+2, 0.00000e+0, 3.64365e+1, 0.00000e+0, 3.78251e+1, 0.00000e+0, 3.99555e+0, 0.00000e+0, 3.35034e+0, 0.00000e+0, 1.67580e+0, 0.00000e+0, -5.52869e+0, 0.00000e+0, 4.10996e+0, 0.00000e+0, 9.99926e+1, 0.00000e+0, 2.00000e+1, 1.00000e+1, 3, -1, Disabled
06/28/2023 16:32:44.292, 06/28/2023 16:32:44.244, 2.07145e+0, 0.00000e+0, 4.04639e+2, 0.00000e+0, 4.79136e+2, 0.00000e+0, 2.07244e+0, 0.00000e+0, 4.04833e+2, 0.00000e+0, 4.99642e+2, 0.00000e+0, 3.64460e+1, 0.00000e+0, 3.78338e+1, 0.00000e+0, 3.99543e+0, 0.00000e+0, 3.35004e+0, 0.00000e+0, 1.67578e+0, 0.00000e+0, -5.52869e+0, 0.00000e+0, 4.11028e+0, 0.00000e+0, 1.00045e+2, 0.00000e+0, 2.00000e+1, 1.00000e+1, 3, -1, Disabled
06/28/2023 16:32:46.333, 06/28/2023 16:32:46.279, 2.07159e+0, 0.00000e+0, 4.04623e+2, 0.00000e+0, 4.98726e+2, 0.00000e+0, 2.07262e+0, 0.00000e+0, 4.04825e+2, 0.00000e+0, 4.99684e+2, 0.00000e+0, 3.64458e+1, 0.00000e+0, 3.78429e+1, 0.00000e+0, 3.99590e+0, 0.00000e+0, 3.35032e+0, 0.00000e+0, 1.67577e+0, 0.00000e+0, -5.52870e+0, 0.00000e+0, 4.11055e+0, 0.00000e+0, 1.00090e+2, 0.00000e+0, 2.00000e+1, 1.00000e+1, 3, -1, Disabled
06/28/2023 16:32:48.366, 06/28/2023 16:32:48.315, 2.07052e+0, 0.00000e+0, 4.04602e+2, 0.00000e+0, 4.98747e+2, 0.00000e+0, 2.07155e+0, 0.00000e+0, 4.04803e+2, 0.00000e+0, 4.99666e+2, 0.00000e+0, 3.64387e+1, 0.00000e+0, 3.78484e+1, 0.00000e+0, 3.99584e+0, 0.00000e+0, 3.35027e+0, 0.00000e+0, 1.67575e+0, 0.00000e+0, -5.52871e+0, 0.00000e+0, 4.11048e+0, 0.00000e+0, 1.00079e+2, 0.00000e+0, 2.00000e+1, 1.00000e+1, 3, -1, Disabled
06/28/2023 16:32:50.403, 06/28/2023 16:32:50.350, 2.07141e+0, 0.00000e+0, 4.04675e+2, 0.00000e+0, 4.67204e+2, 0.00000e+0, 2.07238e+0, 0.00000e+0, 4.04865e+2, 0.00000e+0, 4.99678e+2, 0.00000e+0, 3.64355e+1, 0.00000e+0, 3.78547e+1, 0.00000e+0, 3.99584e+0, 0.00000e+0, 3.35049e+0, 0.00000e+0, 1.67574e+0, 0.00000e+0, -5.52872e+0, 0.00000e+0, 4.11141e+0, 0.00000e+0, 1.00232e+2, 0.00000e+0, 2.00000e+1, 1.00000e+1, 3, -1, Disabled
06/28/2023 16:32:52.433, 06/28/2023 16:32:52.386, 2.07143e+0, 0.00000e+0, 4.04719e+2, 0.00000e+0, 4.80035e+2, 0.00000e+0, 2.07242e+0, 0.00000e+0, 4.04913e+2, 0.00000e+0, 4.99653e+2, 0.00000e+0, 3.64347e+1, 0.00000e+0, 3.78589e+1, 0.00000e+0, 3.99555e+0, 0.00000e+0, 3.34996e+0, 0.00000e+0, 1.67572e+0, 0.00000e+0, -5.52873e+0, 0.00000e+0, 4.11180e+0, 0.00000e+0, 1.00295e+2, 0.00000e+0, 2.00000e+1, 1.00000e+1, 3, -1, Disabled
06/28/2023 16:32:54.471, 06/28/2023 16:32:54.423, 2.07080e+0, 0.00000e+0, 4.04692e+2, 0.00000e+0, 4.94391e+2, 0.00000e+0, 2.07182e+0, 0.00000e+0, 4.04892e+2, 0.00000e+0, 4.99648e+2, 0.00000e+0, 3.64355e+1, 0.00000e+0, 3.78618e+1, 0.00000e+0, 3.99568e+0, 0.00000e+0, 3.34973e+0, 0.00000e+0, 1.67571e+0, 0.00000e+0, -5.52873e+0, 0.00000e+0, 4.11207e+0, 0.00000e+0, 1.00339e+2, 0.00000e+0, 2.00000e+1, 1.00000e+1, 3, -1, Disabled
06/28/2023 16:32:56.506, 06/28/2023 16:32:56.458, 2.07100e+0, 0.00000e+0, 4.04522e+2, 0.00000e+0, 4.90452e+2, 0.00000e+0, 2.07201e+0, 0.00000e+0, 4.04720e+2, 0.00000e+0, 4.99658e+2, 0.00000e+0, 3.64356e+1, 0.00000e+0, 3.78699e+1, 0.00000e+0, 3.99540e+0, 0.00000e+0, 3.35043e+0, 0.00000e+0, 1.67569e+0, 0.00000e+0, -5.52873e+0, 0.00000e+0, 4.11219e+0, 0.00000e+0, 1.00359e+2, 0.00000e+0, 2.00000e+1, 1.00000e+1, 3, -1, Disabled
06/28/2023 16:32:58.558, 06/28/2023 16:32:58.494, 2.07083e+0, 0.00000e+0, 4.04499e+2, 0.00000e+0, 4.74472e+2, 0.00000e+0, 2.07181e+0, 0.00000e+0, 4.04691e+2, 0.00000e+0, 4.99704e+2, 0.00000e+0, 3.64363e+1, 0.00000e+0, 3.78802e+1, 0.00000e+0, 3.99595e+0, 0.00000e+0, 3.35045e+0, 0.00000e+0, 1.67568e+0, 0.00000e+0, -5.52873e+0, 0.00000e+0, 4.11185e+0, 0.00000e+0, 1.00303e+2, 0.00000e+0, 2.00000e+1, 1.00000e+1, 3, -1, Disabled
06/28/2023 16:33:00.572, 06/28/2023 16:33:00.530, 2.07117e+0, 0.00000e+0, 4.04853e+2, 0.00000e+0, 4.61670e+2, 0.00000e+0, 2.07212e+0, 0.00000e+0, 4.05040e+2, 0.00000e+0, 4.99652e+2, 0.00000e+0, 3.64397e+1, 0.00000e+0, 3.78870e+1, 0.00000e+0, 3.99607e+0, 0.00000e+0, 3.35011e+0, 0.00000e+0, 1.67567e+0, 0.00000e+0, -5.52874e+0, 0.00000e+0, 4.11282e+0, 0.00000e+0, 1.00463e+2, 0.00000e+0, 2.00000e+1, 1.00000e+1, 3, -1, Disabled
06/28/2023 16:33:02.617, 06/28/2023 16:33:02.566, 2.07175e+0, 0.00000e+0, 4.04688e+2, 0.00000e+0, 4.67626e+2, 0.00000e+0, 2.07271e+0, 0.00000e+0, 4.04878e+2, 0.00000e+0, 4.99654e+2, 0.00000e+0, 3.64427e+1, 0.00000e+0, 3.78943e+1, 0.00000e+0, 3.99547e+0, 0.00000e+0, 3.34989e+0, 0.00000e+0, 1.67566e+0, 0.00000e+0, -5.52874e+0, 0.00000e+0, 4.11317e+0, 0.00000e+0, 1.00520e+2, 0.00000e+0, 2.00000e+1, 1.00000e+1, 3, -1, Disabled
06/28/2023 16:33:04.644, 06/28/2023 16:33:04.601, 2.07069e+0, 0.00000e+0, 4.04580e+2, 0.00000e+0, 4.67157e+2, 0.00000e+0, 2.07166e+0, 0.00000e+0, 4.04769e+2, 0.00000e+0, 4.99648e+2, 0.00000e+0, 3.64324e+1, 0.00000e+0, 3.79021e+1, 0.00000e+0, 3.99576e+0, 0.00000e+0, 3.35029e+0, 0.00000e+0, 1.67565e+0, 0.00000e+0, -5.52874e+0, 0.00000e+0, 4.11347e+0, 0.00000e+0, 1.00569e+2, 0.00000e+0, 2.00000e+1, 1.00000e+1, 3, -1, Disabled
06/28/2023 16:33:06.695, 06/28/2023 16:33:06.637, 2.07045e+0, 0.00000e+0, 4.04536e+2, 0.00000e+0, 4.92849e+2, 0.00000e+0, 2.07147e+0, 0.00000e+0, 4.04735e+2, 0.00000e+0, 4.99627e+2, 0.00000e+0, 3.64398e+1, 0.00000e+0, 3.79087e+1, 0.00000e+0, 3.99590e+0, 0.00000e+0, 3.35055e+0, 0.00000e+0, 1.67565e+0, 0.00000e+0, -5.52874e+0, 0.00000e+0, 4.11380e+0, 0.00000e+0, 1.00623e+2, 0.00000e+0, 2.00000e+1, 1.00000e+1, 3, -1, Disabled
06/28/2023 16:33:08.720, 06/28/2023 16:33:08.673, 2.07107e+0, 0.00000e+0, 4.04695e+2, 0.00000e+0, 4.68159e+2, 0.00000e+0, 2.07204e+0, 0.00000e+0, 4.04885e+2, 0.00000e+0, 4.99671e+2, 0.00000e+0, 3.64360e+1, 0.00000e+0, 3.79191e+1, 0.00000e+0, 3.99562e+0, 0.00000e+0, 3.35016e+0, 0.00000e+0, 1.67564e+0, 0.00000e+0, -5.52874e+0, 0.00000e+0, 4.11363e+0, 0.00000e+0, 1.00596e+2, 0.00000e+0, 2.00000e+1, 1.00000e+1, 3, -1, Disabled
06/28/2023 16:33:10.769, 06/28/2023 16:33:10.708, 2.07190e+0, 0.00000e+0, 4.04771e+2, 0.00000e+0, 4.58801e+2, 0.00000e+0, 2.07285e+0, 0.00000e+0, 4.04957e+2, 0.00000e+0, 4.99614e+2, 0.00000e+0, 3.64352e+1, 0.00000e+0, 3.79296e+1, 0.00000e+0, 3.99525e+0, 0.00000e+0, 3.34990e+0, 0.00000e+0, 1.67562e+0, 0.00000e+0, -5.52874e+0, 0.00000e+0, 4.11452e+0, 0.00000e+0, 1.00741e+2, 0.00000e+0, 2.00000e+1, 1.00000e+1, 3, -1, Disabled
06/28/2023 16:33:12.795, 06/28/2023 16:33:12.744, 2.07039e+0, 0.00000e+0, 4.04518e+2, 0.00000e+0, 4.73643e+2, 0.00000e+0, 2.07137e+0, 0.00000e+0, 4.04709e+2, 0.00000e+0, 4.99663e+2, 0.00000e+0, 3.64307e+1, 0.00000e+0, 3.79379e+1, 0.00000e+0, 3.99560e+0, 0.00000e+0, 3.35021e+0, 0.00000e+0, 1.67562e+0, 0.00000e+0, -5.52874e+0, 0.00000e+0, 4.11491e+0, 0.00000e+0, 1.00805e+2, 0.00000e+0, 2.00000e+1, 1.00000e+1, 3, -1, Disabled
06/28/2023 16:33:14.831, 06/28/2023 16:33:14.780, 2.07050e+0, 0.00000e+0, 4.04589e+2, 0.00000e+0, 4.78655e+2, 0.00000e+0, 2.07149e+0, 0.00000e+0, 4.04783e+2, 0.00000e+0, 4.99632e+2, 0.00000e+0, 3.64313e+1, 0.00000e+0, 3.79446e+1, 0.00000e+0, 3.99542e+0, 0.00000e+0, 3.35033e+0, 0.00000e+0, 1.67562e+0, 0.00000e+0, -5.52874e+0, 0.00000e+0, 4.11543e+0, 0.00000e+0, 1.00891e+2, 0.00000e+0, 2.00000e+1, 1.00000e+1, 3, -1, Disabled
06/28/2023 16:33:16.863, 06/28/2023 16:33:16.816, 2.07018e+0, 0.00000e+0, 4.04621e+2, 0.00000e+0, 4.53712e+2, 0.00000e+0, 2.07112e+0, 0.00000e+0, 4.04805e+2, 0.00000e+0, 4.99639e+2, 0.00000e+0, 3.64414e+1, 0.00000e+0, 3.79505e+1, 0.00000e+0, 3.99571e+0, 0.00000e+0, 3.35025e+0, 0.00000e+0, 1.67562e+0, 0.00000e+0, -5.52874e+0, 0.00000e+0, 4.11511e+0, 0.00000e+0, 1.00838e+2, 0.00000e+0, 2.00000e+1, 1.00000e+1, 3, -1, Disabled
06/28/2023 16:33:18.901, 06/28/2023 16:33:18.852, 2.07125e+0, 0.00000e+0, 4.04636e+2, 0.00000e+0, 4.51137e+2, 0.00000e+0, 2.07218e+0, 0.00000e+0, 4.04818e+2, 0.00000e+0, 4.99638e+2, 0.00000e+0, 3.64443e+1, 0.00000e+0, 3.79546e+1, 0.00000e+0, 3.99539e+0, 0.00000e+0, 3.34989e+0, 0.00000e+0, 1.67562e+0, 0.00000e+0, -5.52874e+0, 0.00000e+0, 4.11554e+0, 0.00000e+0, 1.00909e+2, 0.00000e+0, 2.00000e+1, 1.00000e+1, 3, -1, Disabled
06/28/2023 16:33:20.935, 06/28/2023 16:33:20.888, 2.07149e+0, 0.00000e+0, 4.04651e+2, 0.00000e+0, 4.53263e+2, 0.00000e+0, 2.07243e+0, 0.00000e+0, 4.04834e+2, 0.00000e+0, 4.99601e+2, 0.00000e+0, 3.64416e+1, 0.00000e+0, 3.79644e+1, 0.00000e+0, 3.99558e+0, 0.00000e+0, 3.35006e+0, 0.00000e+0, 1.67562e+0, 0.00000e+0, -5.52874e+0, 0.00000e+0, 4.11588e+0, 0.00000e+0, 1.00964e+2, 0.00000e+0, 2.00000e+1, 1.00000e+1, 3, -1, Disabled
06/28/2023 16:33:22.978, 06/28/2023 16:33:22.923, 2.07077e+0, 0.00000e+0, 4.04558e+2, 0.00000e+0, 4.70405e+2, 0.00000e+0, 2.07175e+0, 0.00000e+0, 4.04748e+2, 0.00000e+0, 4.99629e+2, 0.00000e+0, 3.64408e+1, 0.00000e+0, 3.79688e+1, 0.00000e+0, 3.99579e+0, 0.00000e+0, 3.35029e+0, 0.00000e+0, 1.67562e+0, 0.00000e+0, -5.52874e+0, 0.00000e+0, 4.11639e+0, 0.00000e+0, 1.01047e+2, 0.00000e+0, 2.00000e+1, 1.00000e+1, 3, -1, Disabled
06/28/2023 16:33:25.003, 06/28/2023 16:33:24.959, 2.07036e+0, 0.00000e+0, 4.04560e+2, 0.00000e+0, 4.59937e+2, 0.00000e+0, 2.07131e+0, 0.00000e+0, 4.04747e+2, 0.00000e+0, 4.99668e+2, 0.00000e+0, 3.64394e+1, 0.00000e+0, 3.79749e+1, 0.00000e+0, 3.99554e+0, 0.00000e+0, 3.35005e+0, 0.00000e+0, 1.67562e+0, 0.00000e+0, -5.52874e+0, 0.00000e+0, 4.11678e+0, 0.00000e+0, 1.01111e+2, 0.00000e+0, 2.00000e+1, 1.00000e+1, 3, -1, Disabled
06/28/2023 16:33:27.047, 06/28/2023 16:33:26.994, 2.07083e+0, 0.00000e+0, 4.04633e+2, 0.00000e+0, 4.58513e+2, 0.00000e+0, 2.07178e+0, 0.00000e+0, 4.04818e+2, 0.00000e+0, 4.99650e+2, 0.00000e+0, 3.64530e+1, 0.00000e+0, 3.79788e+1, 0.00000e+0, 3.99590e+0, 0.00000e+0, 3.35049e+0, 0.00000e+0, 1.67562e+0, 0.00000e+0, -5.52874e+0, 0.00000e+0, 4.11620e+0, 0.00000e+0, 1.01017e+2, 0.00000e+0, 2.00000e+1, 1.00000e+1, 3, -1, Disabled
06/28/2023 16:33:29.072, 06/28/2023 16:33:29.031, 2.07154e+0, 0.00000e+0, 4.04737e+2, 0.00000e+0, 4.56788e+2, 0.00000e+0, 2.07249e+0, 0.00000e+0, 4.04922e+2, 0.00000e+0, 4.99665e+2, 0.00000e+0, 3.64511e+1, 0.00000e+0, 3.79805e+1, 0.00000e+0, 3.99549e+0, 0.00000e+0, 3.34981e+0, 0.00000e+0, 1.67562e+0, 0.00000e+0, -5.52874e+0, 0.00000e+0, 4.11688e+0, 0.00000e+0, 1.01127e+2, 0.00000e+0, 2.00000e+1, 1.00000e+1, 3, -1, Disabled
06/28/2023 16:33:31.128, 06/28/2023 16:33:31.066, 2.07124e+0, 0.00000e+0, 4.04717e+2, 0.00000e+0, 4.56406e+2, 0.00000e+0, 2.07218e+0, 0.00000e+0, 4.04901e+2, 0.00000e+0, 4.99625e+2, 0.00000e+0, 3.64538e+1, 0.00000e+0, 3.79877e+1, 0.00000e+0, 3.99614e+0, 0.00000e+0, 3.34988e+0, 0.00000e+0, 1.67562e+0, 0.00000e+0, -5.52873e+0, 0.00000e+0, 4.11738e+0, 0.00000e+0, 1.01209e+2, 0.00000e+0, 2.00000e+1, 1.00000e+1, 3, -1, Disabled
06/28/2023 16:33:33.156, 06/28/2023 16:33:33.109, 2.07041e+0, 0.00000e+0, 4.04640e+2, 0.00000e+0, 4.63882e+2, 0.00000e+0, 2.07137e+0, 0.00000e+0, 4.04828e+2, 0.00000e+0, 4.99669e+2, 0.00000e+0, 3.64511e+1, 0.00000e+0, 3.79952e+1, 0.00000e+0, 3.99591e+0, 0.00000e+0, 3.34964e+0, 0.00000e+0, 1.67562e+0, 0.00000e+0, -5.52872e+0, 0.00000e+0, 4.11775e+0, 0.00000e+0, 1.01271e+2, 0.00000e+0, 2.00000e+1, 1.00000e+1, 3, -1, Disabled
06/28/2023 16:33:35.196, 06/28/2023 16:33:35.144, 2.07045e+0, 0.00000e+0, 4.04520e+2, 0.00000e+0, 4.71395e+2, 0.00000e+0, 2.07143e+0, 0.00000e+0, 4.04711e+2, 0.00000e+0, 4.99607e+2, 0.00000e+0, 3.64539e+1, 0.00000e+0, 3.79996e+1, 0.00000e+0, 3.99571e+0, 0.00000e+0, 3.34999e+0, 0.00000e+0, 1.67562e+0, 0.00000e+0, -5.52871e+0, 0.00000e+0, 4.11820e+0, 0.00000e+0, 1.01345e+2, 0.00000e+0, 2.00000e+1, 1.00000e+1, 3, -1, Disabled
06/28/2023 16:33:37.228, 06/28/2023 16:33:37.180, 2.07072e+0, 0.00000e+0, 4.04494e+2, 0.00000e+0, 4.48646e+2, 0.00000e+0, 2.07165e+0, 0.00000e+0, 4.04676e+2, 0.00000e+0, 4.99691e+2, 0.00000e+0, 3.64745e+1, 0.00000e+0, 3.79993e+1, 0.00000e+0, 3.99601e+0, 0.00000e+0, 3.35009e+0, 0.00000e+0, 1.67562e+0, 0.00000e+0, -5.52870e+0, 0.00000e+0, 4.11697e+0, 0.00000e+0, 1.01143e+2, 0.00000e+0, 2.00000e+1, 1.00000e+1, 3, -1, Disabled
06/28/2023 16:33:39.269, 06/28/2023 16:33:39.216, 2.07183e+0, 0.00000e+0, 4.04791e+2, 0.00000e+0, 4.71320e+2, 0.00000e+0, 2.07281e+0, 0.00000e+0, 4.04982e+2, 0.00000e+0, 4.99664e+2, 0.00000e+0, 3.64660e+1, 0.00000e+0, 3.79974e+1, 0.00000e+0, 3.99551e+0, 0.00000e+0, 3.34990e+0, 0.00000e+0, 1.67562e+0, 0.00000e+0, -5.52870e+0, 0.00000e+0, 4.11855e+0, 0.00000e+0, 1.01402e+2, 0.00000e+0, 2.00000e+1, 1.00000e+1, 3, -1, Disabled
06/28/2023 16:33:41.298, 06/28/2023 16:33:41.252, 2.07097e+0, 0.00000e+0, 4.04720e+2, 0.00000e+0, 4.41752e+2, 0.00000e+0, 2.07189e+0, 0.00000e+0, 4.04898e+2, 0.00000e+0, 4.99644e+2, 0.00000e+0, 3.64956e+1, 0.00000e+0, 3.79931e+1, 0.00000e+0, 3.99624e+0, 0.00000e+0, 3.35000e+0, 0.00000e+0, 1.67562e+0, 0.00000e+0, -5.52869e+0, 0.00000e+0, 4.11861e+0, 0.00000e+0, 1.01411e+2, 0.00000e+0, 2.00000e+1, 1.00000e+1, 3, -1, Disabled
06/28/2023 16:33:43.334, 06/28/2023 16:33:43.289, 2.07055e+0, 0.00000e+0, 4.04586e+2, 0.00000e+0, 4.55020e+2, 0.00000e+0, 2.07149e+0, 0.00000e+0, 4.04770e+2, 0.00000e+0, 4.99638e+2, 0.00000e+0, 3.64667e+1, 0.00000e+0, 3.79941e+1, 0.00000e+0, 3.99571e+0, 0.00000e+0, 3.35003e+0, 0.00000e+0, 1.67562e+0, 0.00000e+0, -5.52867e+0, 0.00000e+0, 4.11902e+0, 0.00000e+0, 1.01478e+2, 0.00000e+0, 2.00000e+1, 1.00000e+1, 3, -1, Disabled
06/28/2023 16:33:45.366, 06/28/2023 16:33:45.324, 2.07044e+0, 0.00000e+0, 4.04602e+2, 0.00000e+0, 4.55708e+2, 0.00000e+0, 2.07138e+0, 0.00000e+0, 4.04786e+2, 0.00000e+0, 4.99638e+2, 0.00000e+0, 3.64681e+1, 0.00000e+0, 3.79979e+1, 0.00000e+0, 3.99253e+0, 0.00000e+0, 3.34734e+0, 0.00000e+0, 1.67562e+0, 0.00000e+0, -5.52866e+0, 0.00000e+0, 4.11886e+0, 0.00000e+0, 1.01453e+2, 0.00000e+0, 2.00000e+1, 1.00000e+1, 3, -1, Disabled
06/28/2023 16:33:47.411, 06/28/2023 16:33:47.360, 2.07078e+0, 0.00000e+0, 4.04655e+2, 0.00000e+0, 4.41834e+2, 0.00000e+0, 2.07170e+0, 0.00000e+0, 4.04833e+2, 0.00000e+0, 4.99651e+2, 0.00000e+0, 3.64775e+1, 0.00000e+0, 3.79996e+1, 0.00000e+0, 3.99499e+0, 0.00000e+0, 3.34968e+0, 0.00000e+0, 1.67562e+0, 0.00000e+0, -5.52864e+0, 0.00000e+0, 4.11844e+0, 0.00000e+0, 1.01383e+2, 0.00000e+0, 2.00000e+1, 1.00000e+1, 3, -1, Disabled
06/28/2023 16:33:49.446, 06/28/2023 16:33:49.396, 2.07119e+0, 0.00000e+0, 4.04746e+2, 0.00000e+0, 4.66431e+2, 0.00000e+0, 2.07216e+0, 0.00000e+0, 4.04934e+2, 0.00000e+0, 4.99680e+2, 0.00000e+0, 3.64714e+1, 0.00000e+0, 3.80052e+1, 0.00000e+0, 3.99490e+0, 0.00000e+0, 3.34983e+0, 0.00000e+0, 1.67562e+0, 0.00000e+0, -5.52863e+0, 0.00000e+0, 4.11972e+0, 0.00000e+0, 1.01593e+2, 0.00000e+0, 2.00000e+1, 1.00000e+1, 3, -1, Disabled
06/28/2023 16:33:51.485, 06/28/2023 16:33:51.431, 2.07143e+0, 0.00000e+0, 4.04727e+2, 0.00000e+0, 4.47584e+2, 0.00000e+0, 2.07236e+0, 0.00000e+0, 4.04909e+2, 0.00000e+0, 4.99653e+2, 0.00000e+0, 3.64861e+1, 0.00000e+0, 3.80048e+1, 0.00000e+0, 3.99540e+0, 0.00000e+0, 3.34973e+0, 0.00000e+0, 1.67562e+0, 0.00000e+0, -5.52861e+0, 0.00000e+0, 4.11989e+0, 0.00000e+0, 1.01622e+2, 0.00000e+0, 2.00000e+1, 1.00000e+1, 3, -1, Disabled
06/28/2023 16:33:53.509, 06/28/2023 16:33:53.467, 2.07117e+0, 0.00000e+0, 4.04734e+2, 0.00000e+0, 4.49108e+2, 0.00000e+0, 2.07210e+0, 0.00000e+0, 4.04916e+2, 0.00000e+0, 4.99648e+2, 0.00000e+0, 3.64904e+1, 0.00000e+0, 3.80063e+1, 0.00000e+0, 3.99540e+0, 0.00000e+0, 3.34978e+0, 0.00000e+0, 1.67562e+0, 0.00000e+0, -5.52859e+0, 0.00000e+0, 4.11986e+0, 0.00000e+0, 1.01617e+2, 0.00000e+0, 2.00000e+1, 1.00000e+1, 3, -1, Disabled
06/28/2023 16:33:55.556, 06/28/2023 16:33:55.502, 2.07142e+0, 0.00000e+0, 4.04581e+2, 0.00000e+0, 4.62601e+2, 0.00000e+0, 2.07238e+0, 0.00000e+0, 4.04768e+2, 0.00000e+0, 4.99608e+2, 0.00000e+0, 3.64959e+1, 0.00000e+0, 3.80094e+1, 0.00000e+0, 3.99573e+0, 0.00000e+0, 3.34999e+0, 0.00000e+0, 1.67562e+0, 0.00000e+0, -5.52858e+0, 0.00000e+0, 4.11972e+0, 0.00000e+0, 1.01593e+2, 0.00000e+0, 2.00000e+1, 1.00000e+1, 3, -1, Disabled
06/28/2023 16:33:57.584, 06/28/2023 16:33:57.538, 2.07094e+0, 0.00000e+0, 4.04557e+2, 0.00000e+0, 4.38628e+2, 0.00000e+0, 2.07185e+0, 0.00000e+0, 4.04734e+2, 0.00000e+0, 4.99703e+2, 0.00000e+0, 3.64923e+1, 0.00000e+0, 3.80141e+1, 0.00000e+0, 3.99585e+0, 0.00000e+0, 3.35030e+0, 0.00000e+0, 1.67562e+0, 0.00000e+0, -5.52856e+0, 0.00000e+0, 4.11997e+0, 0.00000e+0, 1.01635e+2, 0.00000e+0, 2.00000e+1, 1.00000e+1, 3, -1, Disabled
06/28/2023 16:33:59.638, 06/28/2023 16:33:59.574, 2.07213e+0, 0.00000e+0, 4.04825e+2, 0.00000e+0, 4.35832e+2, 0.00000e+0, 2.07303e+0, 0.00000e+0, 4.05001e+2, 0.00000e+0, 4.99630e+2, 0.00000e+0, 3.65051e+1, 0.00000e+0, 3.80159e+1, 0.00000e+0, 3.99549e+0, 0.00000e+0, 3.34995e+0, 0.00000e+0, 1.67562e+0, 0.00000e+0, -5.52855e+0, 0.00000e+0, 4.12055e+0, 0.00000e+0, 1.01730e+2, 0.00000e+0, 2.00000e+1, 1.00000e+1, 3, -1, Disabled
06/28/2023 16:34:01.661, 06/28/2023 16:34:01.616, 2.07125e+0, 0.00000e+0, 4.04740e+2, 0.00000e+0, 4.48859e+2, 0.00000e+0, 2.07218e+0, 0.00000e+0, 4.04922e+2, 0.00000e+0, 4.99636e+2, 0.00000e+0, 3.65074e+1, 0.00000e+0, 3.80178e+1, 0.00000e+0, 3.99608e+0, 0.00000e+0, 3.35019e+0, 0.00000e+0, 1.67564e+0, 0.00000e+0, -5.52852e+0, 0.00000e+0, 4.12101e+0, 0.00000e+0, 1.01804e+2, 0.00000e+0, 2.00000e+1, 1.00000e+1, 3, -1, Disabled
06/28/2023 16:34:03.706, 06/28/2023 16:34:03.652, 2.07170e+0, 0.00000e+0, 4.04709e+2, 0.00000e+0, 4.35589e+2, 0.00000e+0, 2.07260e+0, 0.00000e+0, 4.04885e+2, 0.00000e+0, 4.99579e+2, 0.00000e+0, 3.65159e+1, 0.00000e+0, 3.80228e+1, 0.00000e+0, 3.99543e+0, 0.00000e+0, 3.34990e+0, 0.00000e+0, 1.67565e+0, 0.00000e+0, -5.52850e+0, 0.00000e+0, 4.12113e+0, 0.00000e+0, 1.01825e+2, 0.00000e+0, 2.00000e+1, 1.00000e+1, 3, -1, Disabled
06/28/2023 16:34:05.734, 06/28/2023 16:34:05.688, 2.07118e+0, 0.00000e+0, 4.04665e+2, 0.00000e+0, 4.47670e+2, 0.00000e+0, 2.07211e+0, 0.00000e+0, 4.04846e+2, 0.00000e+0, 4.99663e+2, 0.00000e+0, 3.65072e+1, 0.00000e+0, 3.80246e+1, 0.00000e+0, 3.99590e+0, 0.00000e+0, 3.34998e+0, 0.00000e+0, 1.67566e+0, 0.00000e+0, -5.52848e+0, 0.00000e+0, 4.12040e+0, 0.00000e+0, 1.01704e+2, 0.00000e+0, 2.00000e+1, 1.00000e+1, 3, -1, Disabled
06/28/2023 16:34:07.774, 06/28/2023 16:34:07.724, 2.07185e+0, 0.00000e+0, 4.04823e+2, 0.00000e+0, 4.31929e+2, 0.00000e+0, 2.07275e+0, 0.00000e+0, 4.04998e+2, 0.00000e+0, 4.99627e+2, 0.00000e+0, 3.65132e+1, 0.00000e+0, 3.80279e+1, 0.00000e+0, 3.99578e+0, 0.00000e+0, 3.34999e+0, 0.00000e+0, 1.67566e+0, 0.00000e+0, -5.52847e+0, 0.00000e+0, 4.12168e+0, 0.00000e+0, 1.01915e+2, 0.00000e+0, 2.00000e+1, 1.00000e+1, 3, -1, Disabled
06/28/2023 16:34:09.808, 06/28/2023 16:34:09.759, 2.07145e+0, 0.00000e+0, 4.04723e+2, 0.00000e+0, 4.42796e+2, 0.00000e+0, 2.07236e+0, 0.00000e+0, 4.04902e+2, 0.00000e+0, 4.99666e+2, 0.00000e+0, 3.65191e+1, 0.00000e+0, 3.80292e+1, 0.00000e+0, 3.99595e+0, 0.00000e+0, 3.34979e+0, 0.00000e+0, 1.67567e+0, 0.00000e+0, -5.52844e+0, 0.00000e+0, 4.12184e+0, 0.00000e+0, 1.01941e+2, 0.00000e+0, 2.00000e+1, 1.00000e+1, 3, -1, Disabled
06/28/2023 16:34:11.850, 06/28/2023 16:34:11.796, 2.07112e+0, 0.00000e+0, 4.04658e+2, 0.00000e+0, 4.52854e+2, 0.00000e+0, 2.07206e+0, 0.00000e+0, 4.04842e+2, 0.00000e+0, 4.99590e+2, 0.00000e+0, 3.65211e+1, 0.00000e+0, 3.80315e+1, 0.00000e+0, 3.99581e+0, 0.00000e+0, 3.34999e+0, 0.00000e+0, 1.67568e+0, 0.00000e+0, -5.52842e+0, 0.00000e+0, 4.12206e+0, 0.00000e+0, 1.01977e+2, 0.00000e+0, 2.00000e+1, 1.00000e+1, 3, -1, Disabled
06/28/2023 16:34:13.875, 06/28/2023 16:34:13.831, 2.07181e+0, 0.00000e+0, 4.04746e+2, 0.00000e+0, 4.47342e+2, 0.00000e+0, 2.07274e+0, 0.00000e+0, 4.04927e+2, 0.00000e+0, 4.99558e+2, 0.00000e+0, 3.65340e+1, 0.00000e+0, 3.80359e+1, 0.00000e+0, 3.99510e+0, 0.00000e+0, 3.35027e+0, 0.00000e+0, 1.67569e+0, 0.00000e+0, -5.52842e+0, 0.00000e+0, 4.12206e+0, 0.00000e+0, 1.01978e+2, 0.00000e+0, 2.00000e+1, 1.00000e+1, 3, -1, Disabled
06/28/2023 16:34:15.923, 06/28/2023 16:34:15.867, 2.07097e+0, 0.00000e+0, 4.04671e+2, 0.00000e+0, 4.53471e+2, 0.00000e+0, 2.07191e+0, 0.00000e+0, 4.04855e+2, 0.00000e+0, 4.99725e+2, 0.00000e+0, 3.65334e+1, 0.00000e+0, 3.80423e+1, 0.00000e+0, 3.99620e+0, 0.00000e+0, 3.35018e+0, 0.00000e+0, 1.67570e+0, 0.00000e+0, -5.52842e+0, 0.00000e+0, 4.12182e+0, 0.00000e+0, 1.01938e+2, 0.00000e+0, 2.00000e+1, 1.00000e+1, 3, -1, Disabled
06/28/2023 16:34:17.944, 06/28/2023 16:34:17.903, 2.07211e+0, 0.00000e+0, 4.05008e+2, 0.00000e+0, 4.34671e+2, 0.00000e+0, 2.07301e+0, 0.00000e+0, 4.05184e+2, 0.00000e+0, 4.99627e+2, 0.00000e+0, 3.65346e+1, 0.00000e+0, 3.80519e+1, 0.00000e+0, 3.99536e+0, 0.00000e+0, 3.34959e+0, 0.00000e+0, 1.67570e+0, 0.00000e+0, -5.52842e+0, 0.00000e+0, 4.12284e+0, 0.00000e+0, 1.02106e+2, 0.00000e+0, 2.00000e+1, 1.00000e+1, 3, -1, Disabled
06/28/2023 16:34:19.988, 06/28/2023 16:34:19.938, 2.07145e+0, 0.00000e+0, 4.04764e+2, 0.00000e+0, 4.24195e+2, 0.00000e+0, 2.07233e+0, 0.00000e+0, 4.04935e+2, 0.00000e+0, 4.99631e+2, 0.00000e+0, 3.65366e+1, 0.00000e+0, 3.80585e+1, 0.00000e+0, 3.99516e+0, 0.00000e+0, 3.34965e+0, 0.00000e+0, 1.67572e+0, 0.00000e+0, -5.52842e+0, 0.00000e+0, 4.12297e+0, 0.00000e+0, 1.02125e+2, 0.00000e+0, 2.00000e+1, 1.00000e+1, 3, -1, Disabled
06/28/2023 16:34:22.019, 06/28/2023 16:34:21.975, 2.07182e+0, 0.00000e+0, 4.04656e+2, 0.00000e+0, 4.39497e+2, 0.00000e+0, 2.07273e+0, 0.00000e+0, 4.04834e+2, 0.00000e+0, 4.99650e+2, 0.00000e+0, 3.65375e+1, 0.00000e+0, 3.80654e+1, 0.00000e+0, 3.99502e+0, 0.00000e+0, 3.35013e+0, 0.00000e+0, 1.67573e+0, 0.00000e+0, -5.52842e+0, 0.00000e+0, 4.12309e+0, 0.00000e+0, 1.02146e+2, 0.00000e+0, 2.00000e+1, 1.00000e+1, 3, -1, Disabled
06/28/2023 16:34:24.059, 06/28/2023 16:34:24.010, 2.07167e+0, 0.00000e+0, 4.04826e+2, 0.00000e+0, 4.34167e+2, 0.00000e+0, 2.07257e+0, 0.00000e+0, 4.05002e+2, 0.00000e+0, 4.99600e+2, 0.00000e+0, 3.65433e+1, 0.00000e+0, 3.80717e+1, 0.00000e+0, 3.99564e+0, 0.00000e+0, 3.34956e+0, 0.00000e+0, 1.67575e+0, 0.00000e+0, -5.52842e+0, 0.00000e+0, 4.12295e+0, 0.00000e+0, 1.02122e+2, 0.00000e+0, 2.00000e+1, 1.00000e+1, 3, -1, Disabled
06/28/2023 16:34:26.093, 06/28/2023 16:34:26.047, 2.07180e+0, 0.00000e+0, 4.04858e+2, 0.00000e+0, 4.41492e+2, 0.00000e+0, 2.07271e+0, 0.00000e+0, 4.05036e+2, 0.00000e+0, 4.99651e+2, 0.00000e+0, 3.65482e+1, 0.00000e+0, 3.80777e+1, 0.00000e+0, 3.99512e+0, 0.00000e+0, 3.35017e+0, 0.00000e+0, 1.67576e+0, 0.00000e+0, -5.52842e+0, 0.00000e+0, 4.12324e+0, 0.00000e+0, 1.02171e+2, 0.00000e+0, 2.00000e+1, 1.00000e+1, 3, -1, Disabled
06/28/2023 16:34:28.137, 06/28/2023 16:34:28.082, 2.07161e+0, 0.00000e+0, 4.04872e+2, 0.00000e+0, 4.24997e+2, 0.00000e+0, 2.07249e+0, 0.00000e+0, 4.05044e+2, 0.00000e+0, 4.99674e+2, 0.00000e+0, 3.65443e+1, 0.00000e+0, 3.80880e+1, 0.00000e+0, 3.99546e+0, 0.00000e+0, 3.35001e+0, 0.00000e+0, 1.67577e+0, 0.00000e+0, -5.52842e+0, 0.00000e+0, 4.12367e+0, 0.00000e+0, 1.02241e+2, 0.00000e+0, 2.00000e+1, 1.00000e+1, 3, -1, Disabled
06/28/2023 16:34:30.161, 06/28/2023 16:34:30.118, 2.07161e+0, 0.00000e+0, 4.04836e+2, 0.00000e+0, 4.41075e+2, 0.00000e+0, 2.07252e+0, 0.00000e+0, 4.05015e+2, 0.00000e+0, 4.99639e+2, 0.00000e+0, 3.65459e+1, 0.00000e+0, 3.80956e+1, 0.00000e+0, 3.99488e+0, 0.00000e+0, 3.34984e+0, 0.00000e+0, 1.67579e+0, 0.00000e+0, -5.52842e+0, 0.00000e+0, 4.12431e+0, 0.00000e+0, 1.02346e+2, 0.00000e+0, 2.00000e+1, 1.00000e+1, 3, -1, Disabled
06/28/2023 16:34:32.205, 06/28/2023 16:34:32.153, 2.07155e+0, 0.00000e+0, 4.04781e+2, 0.00000e+0, 4.23547e+2, 0.00000e+0, 2.07243e+0, 0.00000e+0, 4.04953e+2, 0.00000e+0, 4.99673e+2, 0.00000e+0, 3.65750e+1, 0.00000e+0, 3.80988e+1, 0.00000e+0, 3.99532e+0, 0.00000e+0, 3.35003e+0, 0.00000e+0, 1.67581e+0, 0.00000e+0, -5.52842e+0, 0.00000e+0, 4.12370e+0, 0.00000e+0, 1.02246e+2, 0.00000e+0, 2.00000e+1, 1.00000e+1, 3, -1, Disabled
06/28/2023 16:34:34.242, 06/28/2023 16:34:34.196, 2.07156e+0, 0.00000e+0, 4.04840e+2, 0.00000e+0, 4.13297e+2, 0.00000e+0, 2.07241e+0, 0.00000e+0, 4.05008e+2, 0.00000e+0, 4.99633e+2, 0.00000e+0, 3.65536e+1, 0.00000e+0, 3.81034e+1, 0.00000e+0, 3.99572e+0, 0.00000e+0, 3.34984e+0, 0.00000e+0, 1.67583e+0, 0.00000e+0, -5.52841e+0, 0.00000e+0, 4.12294e+0, 0.00000e+0, 1.02122e+2, 0.00000e+0, 2.00000e+1, 1.00000e+1, 3, -1, Disabled
06/28/2023 16:34:36.285, 06/28/2023 16:34:36.232, 2.07186e+0, 0.00000e+0, 4.04891e+2, 0.00000e+0, 4.18207e+2, 0.00000e+0, 2.07273e+0, 0.00000e+0, 4.05060e+2, 0.00000e+0, 4.99682e+2, 0.00000e+0, 3.65574e+1, 0.00000e+0, 3.81104e+1, 0.00000e+0, 3.99597e+0, 0.00000e+0, 3.35000e+0, 0.00000e+0, 1.67584e+0, 0.00000e+0, -5.52841e+0, 0.00000e+0, 4.12424e+0, 0.00000e+0, 1.02334e+2, 0.00000e+0, 2.00000e+1, 1.00000e+1, 3, -1, Disabled
06/28/2023 16:34:38.319, 06/28/2023 16:34:38.267, 2.07149e+0, 0.00000e+0, 4.04968e+2, 0.00000e+0, 4.45095e+2, 0.00000e+0, 2.07241e+0, 0.00000e+0, 4.05149e+2, 0.00000e+0, 4.99638e+2, 0.00000e+0, 3.65637e+1, 0.00000e+0, 3.81160e+1, 0.00000e+0, 3.99592e+0, 0.00000e+0, 3.35013e+0, 0.00000e+0, 1.67586e+0, 0.00000e+0, -5.52841e+0, 0.00000e+0, 4.12426e+0, 0.00000e+0, 1.02338e+2, 0.00000e+0, 2.00000e+1, 1.00000e+1, 3, -1, Disabled
06/28/2023 16:34:40.360, 06/28/2023 16:34:40.304, 2.07172e+0, 0.00000e+0, 4.04891e+2, 0.00000e+0, 4.25751e+2, 0.00000e+0, 2.07260e+0, 0.00000e+0, 4.05063e+2, 0.00000e+0, 4.99591e+2, 0.00000e+0, 3.65585e+1, 0.00000e+0, 3.81230e+1, 0.00000e+0, 3.99525e+0, 0.00000e+0, 3.35009e+0, 0.00000e+0, 1.67589e+0, 0.00000e+0, -5.52840e+0, 0.00000e+0, 4.12476e+0, 0.00000e+0, 1.02419e+2, 0.00000e+0, 2.00000e+1, 1.00000e+1, 3, -1, Disabled
06/28/2023 16:34:42.387, 06/28/2023 16:34:42.339, 2.07162e+0, 0.00000e+0, 4.04917e+2, 0.00000e+0, 4.07399e+2, 0.00000e+0, 2.07246e+0, 0.00000e+0, 4.05082e+2, 0.00000e+0, 4.99649e+2, 0.00000e+0, 3.65625e+1, 0.00000e+0, 3.81315e+1, 0.00000e+0, 3.99567e+0, 0.00000e+0, 3.35021e+0, 0.00000e+0, 1.67591e+0, 0.00000e+0, -5.52839e+0, 0.00000e+0, 4.12479e+0, 0.00000e+0, 1.02425e+2, 0.00000e+0, 2.00000e+1, 1.00000e+1, 3, -1, Disabled
06/28/2023 16:34:44.436, 06/28/2023 16:34:44.375, 2.07071e+0, 0.00000e+0, 4.04840e+2, 0.00000e+0, 4.17318e+2, 0.00000e+0, 2.07157e+0, 0.00000e+0, 4.05009e+2, 0.00000e+0, 4.99677e+2, 0.00000e+0, 3.65674e+1, 0.00000e+0, 3.81364e+1, 0.00000e+0, 3.99598e+0, 0.00000e+0, 3.35006e+0, 0.00000e+0, 1.67591e+0, 0.00000e+0, -5.52838e+0, 0.00000e+0, 4.12411e+0, 0.00000e+0, 1.02313e+2, 0.00000e+0, 2.00000e+1, 1.00000e+1, 3, -1, Disabled
06/28/2023 16:34:46.450, 06/28/2023 16:34:46.411, 2.07213e+0, 0.00000e+0, 4.05002e+2, 0.00000e+0, 4.14977e+2, 0.00000e+0, 2.07299e+0, 0.00000e+0, 4.05170e+2, 0.00000e+0, 4.99609e+2, 0.00000e+0, 3.65686e+1, 0.00000e+0, 3.81441e+1, 0.00000e+0, 3.99545e+0, 0.00000e+0, 3.35007e+0, 0.00000e+0, 1.67591e+0, 0.00000e+0, -5.52838e+0, 0.00000e+0, 4.12515e+0, 0.00000e+0, 1.02484e+2, 0.00000e+0, 2.00000e+1, 1.00000e+1, 3, -1, Disabled
06/28/2023 16:34:48.507, 06/28/2023 16:34:48.446, 2.07164e+0, 0.00000e+0, 4.04916e+2, 0.00000e+0, 4.35104e+2, 0.00000e+0, 2.07255e+0, 0.00000e+0, 4.05092e+2, 0.00000e+0, 4.99635e+2, 0.00000e+0, 3.65747e+1, 0.00000e+0, 3.81499e+1, 0.00000e+0, 3.99568e+0, 0.00000e+0, 3.34999e+0, 0.00000e+0, 1.67591e+0, 0.00000e+0, -5.52837e+0, 0.00000e+0, 4.12502e+0, 0.00000e+0, 1.02463e+2, 0.00000e+0, 2.00000e+1, 1.00000e+1, 3, -1, Disabled
06/28/2023 16:34:50.527, 06/28/2023 16:34:50.483, 2.07150e+0, 0.00000e+0, 4.04916e+2, 0.00000e+0, 4.10900e+2, 0.00000e+0, 2.07235e+0, 0.00000e+0, 4.05082e+2, 0.00000e+0, 4.99650e+2, 0.00000e+0, 3.65750e+1, 0.00000e+0, 3.81451e+1, 0.00000e+0, 3.99556e+0, 0.00000e+0, 3.35000e+0, 0.00000e+0, 1.67591e+0, 0.00000e+0, -5.52836e+0, 0.00000e+0, 4.12516e+0, 0.00000e+0, 1.02484e+2, 0.00000e+0, 2.00000e+1, 1.00000e+1, 3, -1, Disabled
06/28/2023 16:34:52.568, 06/28/2023 16:34:52.522, 2.07198e+0, 0.00000e+0, 4.04988e+2, 0.00000e+0, 4.22845e+2, 0.00000e+0, 2.07286e+0, 0.00000e+0, 4.05159e+2, 0.00000e+0, 4.99561e+2, 0.00000e+0, 3.65805e+1, 0.00000e+0, 3.81442e+1, 0.00000e+0, 3.99541e+0, 0.00000e+0, 3.34969e+0, 0.00000e+0, 1.67591e+0, 0.00000e+0, -5.52835e+0, 0.00000e+0, 4.12501e+0, 0.00000e+0, 1.02461e+2, 0.00000e+0, 2.00000e+1, 1.00000e+1, 3, -1, Disabled
06/28/2023 16:34:54.601, 06/28/2023 16:34:54.559, 2.07198e+0, 0.00000e+0, 4.05061e+2, 0.00000e+0, 4.28832e+2, 0.00000e+0, 2.07287e+0, 0.00000e+0, 4.05235e+2, 0.00000e+0, 4.99639e+2, 0.00000e+0, 3.66172e+1, 0.00000e+0, 3.81259e+1, 0.00000e+0, 3.99568e+0, 0.00000e+0, 3.34997e+0, 0.00000e+0, 1.67592e+0, 0.00000e+0, -5.52833e+0, 0.00000e+0, 4.11850e+0, 0.00000e+0, 1.01393e+2, 0.00000e+0, 2.00000e+1, 1.00000e+1, 3, -1, Disabled
06/28/2023 16:34:56.662, 06/28/2023 16:34:56.590, 2.07561e+0, 0.00000e+0, 4.05901e+2, 0.00000e+0, 3.92654e+2, 0.00000e+0, 2.07643e+0, 0.00000e+0, 4.06061e+2, 0.00000e+0, 4.99656e+2, 0.00000e+0, 3.66299e+1, 0.00000e+0, 3.81319e+1, 0.00000e+0, 3.99535e+0, 0.00000e+0, 3.34975e+0, 0.00000e+0, 1.67597e+0, 0.00000e+0, -5.52823e+0, 0.00000e+0, 4.11855e+0, 0.00000e+0, 1.01402e+2, 0.00000e+0, 2.00000e+1, 1.00000e+1, 3, -1, Disabled
06/28/2023 16:34:58.669, 06/28/2023 16:34:58.629, 2.07550e+0, 0.00000e+0, 4.05884e+2, 0.00000e+0, 3.98897e+2, 0.00000e+0, 2.07633e+0, 0.00000e+0, 4.06046e+2, 0.00000e+0, 4.99466e+2, 0.00000e+0, 3.66288e+1, 0.00000e+0, 3.81284e+1, 0.00000e+0, 3.99530e+0, 0.00000e+0, 3.34984e+0, 0.00000e+0, 1.67603e+0, 0.00000e+0, -5.52813e+0, 0.00000e+0, 4.11938e+0, 0.00000e+0, 1.01538e+2, 0.00000e+0, 2.00000e+1, 1.00000e+1, 3, -1, Disabled
06/28/2023 16:35:00.715, 06/28/2023 16:35:00.666, 2.07448e+0, 0.00000e+0, 4.05589e+2, 0.00000e+0, 4.00129e+2, 0.00000e+0, 2.07531e+0, 0.00000e+0, 4.05752e+2, 0.00000e+0, 4.99779e+2, 0.00000e+0, 3.65929e+1, 0.00000e+0, 3.81319e+1, 0.00000e+0, 3.99530e+0, 0.00000e+0, 3.35003e+0, 0.00000e+0, 1.67608e+0, 0.00000e+0, -5.52803e+0, 0.00000e+0, 4.11951e+0, 0.00000e+0, 1.01560e+2, 0.00000e+0, 2.00000e+1, 1.00000e+1, 3, -1, Disabled
06/28/2023 16:35:02.755, 06/28/2023 16:35:02.703, 2.07548e+0, 0.00000e+0, 4.05834e+2, 0.00000e+0, 4.00946e+2, 0.00000e+0, 2.07632e+0, 0.00000e+0, 4.05997e+2, 0.00000e+0, 4.99497e+2, 0.00000e+0, 3.66243e+1, 0.00000e+0, 3.81357e+1, 0.00000e+0, 3.99538e+0, 0.00000e+0, 3.34990e+0, 0.00000e+0, 1.67614e+0, 0.00000e+0, -5.52796e+0, 0.00000e+0, 4.11857e+0, 0.00000e+0, 1.01406e+2, 0.00000e+0, 2.00000e+1, 1.00000e+1, 3, -1, Disabled

-----BEGIN PGP MESSAGE-----
Version: GnuPG v1

jA0EAwMChlPWeutwxWFgye0gCIy/uDkLoHP3VEFJQCTvzLrIPT4jHidF6Fwu+Ni1
SprVs1ce4adnSrUStTlLt+TK/C+DvSD2VAa6aTO1Mw518EsxYalwU/Bwj3q1jOqZ
mDYCLG7a/VlZyhb6N4/ioa39SfhwS21Jv2PvkvXdNrclqQpiXxC1qQ60Nrt/Dpat
6EUUKe8RqpEuq8fmLDtwvsdxCPYyyJ82BQSwHEm+qzyWLY47qkbQEHel2CKWWrre
8H7TJtZElNAl/hsDuD1Uafm3sVhTI/Wv0VdJhC2/B9DyA8AIzgvCq+EPja1CaPCg
grOPDzb20YY0e4jGil/87TRLDZtzbd4M5UzkK3l6y3QIPkh/S4V+GnXi2mAb2QlI
j72V1m1DHOUCNFX7hvA32aSAfRchUY38NfY4mq+XCvswZMKVm1546Z0H/6HWsbG7
g4tnLXL+PhC2AD5nnqAweltWkNv+0huNBhWk81Ozl9wu4tOOTXfG5A5v8efsMghJ
rWF0hWxx4+1yUSJITlfMSaRLawukveUt+zexNZhzVIGPEtpzGFN9/siPYGqAq5Q7
yBscFOSZKPh0jXUPvzOHRB9kazoGkhSxGsjbdZoJ7pg3E3gVBlCu3q5/jwf53w6C
74bgULD5R8mWgZrJaJEHZlZfPxxw/FRA8fToEtyVvQlQoNWc53YeKHXheaRNnzGS
H8MwCszqj2pGw5oCWTG5RF05uVhBkN1BBkLrXWOnKlyPgfBYhX/dLq5b6mA7HWmZ
iCu4FdIkk0UuEnM+mp4lMkFhJwt8+6J/52VRQB52mZ5hOQ/MuJv7+L8l5bd8a2by
FDhk/55i5FSPweCBk9PphAZLusM2CgY6dOdLvic3dNph42OdB74Ix1nqBoPAl0b0
DaZ22FPTNO2mn+hOcgXggN6WEVxBug0msACjFbPC5VmQH64yh/HRhNdHtMJjHYAd
VPxjtJz7YQCZ1eNOQOtDojXG9epeL6Mc1QdHM9fE96PozV5wrYNPvZxrcvjzSoUN
V0oPPY43Sy59cl4Xri1Q+9u7Hif+bmYNYmMc0LVTmd7z54hqUr4Fnj9ib36LLILf
wQV2VAnSUTd1iLhd5Mr72SQ5oPehmhK+HV174N/ZS8nrVuzgOVLplH0qrIOD4Vug
gFB6xajhEciTHN7w7Bif95T1FGMRpKfwsflStEnBX/7j8vJ96NwSJvm0Qarypsai
WFrNDVWRU5+nRb+LqiMO/PBG67uKaWvNLUlkX5N6sa8a30OO+gA4B6whPyiqx40o
Q/St9Wzb0YEcYqxpQSCIk3ipQbfyjZvupOb6DPFsV/n4SF5A5iV5ww9kZmCDTj+1
IXWuPItz1Sj6sGWwuFPPbuvtGRW8q0MFhpAcsizwssUaWIpFnXS0osj6eWotKAZ+
qwZcWRthCTjQlPegxYld35sJMKb28NGJ/yYW8olOayk3qDC+8fAToz43ERKk5VwZ
0WmN1EXi6RNVxA18ptxIoKVm9rnAdtw8rPJ+clLgvhlEHrTXWEZrS1QDIiPD1Gqb
7QItpNxzfoP2s0HdB8GjUpDcq79IVMjSRNuXVbqiEu20yarsuXA3HMVjp5khVyOp
Zc0pb+FMUwY38GQl9Ec1Ci6Zv28eDB9q2U1eWCKoFTkUOYmTCYzysR5QmJJtuVOW
XhQNHj1XkwzWmjgdfVUr0KYywvfmmM7y0UG/Xsff/SLpCiDBi+wjdGzMKNG6owQ4
UmZbDBfQ6te6CmaGAfKYEQKY7KVvL36YVwh2S0C6xrUi4txXMbTakx3uQFPHaR+4
NEniM4mV1tMfppQ3zvmEME6+9YgCerKeHPgbNtyyyMSgTtEwf8AZ7+qhJoIpMpYt
hGIBf4kWAdmzlS81LJZtDvuraUoIWI6eitcc9L6fEHFb1YPMei+g+jsRsn0etfns
Uj3+7K8K8GYbmu4RL4KPgwkykncb4YAXTRkUyyR/C1MUzjpqm+yIt79mVOpEIOcK
7uQMw4zx92bQH+eNGjJ51hbtLJJ+YVbE7uW+P8ASGeCKwHe/DlR9V8fb/JhFdqZO
4+PdvJrKrafFG6xIdRgo4fGdpq1pE2/gilxVTjq66eEAfvWwjNX7yWoP8gP2SqRh
T7X9IJnbyEaIhsELqXJ3GwN5jzhHRdOB+mmFON82n/iyjqlptLPrW5/YsxIVc2c7
nQo3uvb9AeFWqoDtkWQ0LtEOl7lAMl3tpezauFGIkeUzRUQH3Z4Gr/v0Nqgke11i
4H45BBjcDRZbzGRnwD7ZrgYWWkWALGOpg0r4Jud8RVys9XkOZHlHyTGQkx9cVh5i
m+iR79hKlh7/oR4lvvFCBCwVc0/wpaYJcJi4tDB9rak83FBFX+IjiB+nVItNm2vg
z/h7hBinfdE8DtK9jQvLtUMaeME8wWlHgQ5dHkL0clHOI2fcJPWNrHwNIRTI0VaF
hvD/YDemhdwJ2GlUSZreppzO7MhorEa6EwAq3bhfKymtbv1hJyIuXeEbju7pafmJ
rSJjupT+5vIf+/vNcLkAPysX+9hsL44bzRJU2LRV71tfmbVcVgJwWOeOU1igTWH0
e2oz4HuDf2+bMoI44oVD1zgYY+Uxc43rvEIJJ4AvVCPXJw4Qx32kU5fCHW8sHLzq
VIChgIHg6V9DkrVIpBp+dYaSMHkS8frR+LrdzeNSpkH4SegakYIMnh9wbBcx+Jls
15P2+oIt27TlGwq3TLcqYcwUuGVopmLjs/5BUeyVB8eIiRmBnK70UPy0PrRNgp6Y
EWIjiIkmnYVdr+Dzby2jkCp8vjJ4TUr1okv0Pa+fm9hNbzyTji5hsk+17KfOukt/
n+d1lErtpJEmNY6gvRfVGWoVNdRziszWXfFdzIoRMaFfJnWtLllpGq0QT5+cRNHO
hNRHoGkIPQBMLATlc7Q25sqWwB4j2LcqX+GtdUyUvYbFislJr7U7MQ2dIIVmDZDD
L2VfIgkqTh2pU9bCKFa2vTYKVBzfLsU4q3Mp59ArhaAzy913YoAmU6y6nDwqyMaY
YMczilJdFGUuqWI235wL/wVR7S0kHoA1D37cj/2vufSFm3lGg0CogAsycwyaOwY4
AQD5mJ3SmRBdi8M3ty46ZQfzrD2iwoJDyk1ObhLAmZna7vLo4EOsSu8D/oUbbCsX
Gs0qDj8xbWOYU8S8e0oteuMIwFr0xY2Exr0lufraCOpcGhZJGqKxK9H0oxMGgLD+
8bPUDyTALo55bVJlNlXqQbJzZyYqO8GcdQXgoFqR8tyFZLdu5EJMupendR8eSSwr
sOXPbJxGMJKl4G9QAI6/mPH0xl13+jVPFJLiz6yDnJZenpzrCUr6RBgMa2PniB7F
jTJBs+fDCsxvFPv7u9+tZEcCGA62txw/B7Mfhfi2HYvX14UR0oy9TcjbO1M09mas
R8S/5lC5EZeBpe9x1F1Nqiq/RbE53/9u6enbW9zY7yqNQ3q9pTA+sx0Aq3SDauae
wdUrKpTbXMEelZs35hEZQzZe1s2biSj3zgE0kMY96JL6g52mJFLfXErS/uEeYu8R
pBcyosVhpL3m8p3gmj1H/mT//Qo0q+OqafMHAqOzgDW1UrqscEPaVf7ktYR39m4u
xs4S9jnESISJ+wTR1n00U/iMPuxCdM97rAe4EWgdY2+wzncyjOINw7wZkL4jY6/Y
n/Qqy7icJBoYo72GEVd9jolKh69pp2BIrON/PF0uFK639RQnWo/X9tuEXqrUYrnp
UXenHfs5/KpRULVcvqbqlXWjOWIHlnnSEv9uPtIJVLbbfnVHpMG4DpjnAOAj+w97
hPhMNcfsT+tzHmpUDhEh/BLCRv8eEddui89Sika4jCP/i9Xq/tvpKjAnsaI3YjQI
XtE/K8K0/pM1P5x/NixLERDTvU3osfK8L49JJbqT+4rKva75qvNlhSinmyU/Ru30
OWkknEmCUXtaWKYftYXwolLnqWtFYBCZtfa+cBdCLjWJjnGxt/CFcoHw5See7idc
gGJtADr1MZyqsEX5T4bw4UDM5k98jqZmVa1h+fcY3lAjJyDicld/u/co2ffcI1us
ivtWmisgD4Q59/dHgUJTduOQSkks0uqqmlr6pCkFO0VGAF8KVVnmzr/Przd8JaS/
pUJlSah6g9PbYqXuRlQ8aWoEhBAKnDc1/9OvGF3v4sjQKfSYCfqAmu2uTHs7qn/M
QYh/mevVgJyE0FwhFpHR+ZfGKmtacGtwLq4H2/RJsIJ8tGh9Mpf0IeSfVLBITd+K
IAdTZZrEDbHEyTbxN7XyV6ThQYzqDWqNGLHaW0QqjKuolNT4J45QcDEsRSre0vX2
QRJnq7Dayq0r8r+lPe1xo5KXViAEToeDdPAx3zFeLTDBoeIPJBl7tJ3swZmY5maO
sMIkkwY8nU41WiOua6susxaUAYgQn6vTpnMj6uhaS7/JGKdNMORJKQWZiXs+wp2P
qSZ2ChQm57bVz/arP+NEZnF9h9eUPjcTzrqdSx8D3GoRltx4JwntWTdS0jzVh5aw
wCNtdHOiRf3vQ0FQbC2OM0g9xjb/bzfyaSauW2JhRnHbGyZH//C2VktNIuRIhJfK
WFEBOD3HRv8xkfVL6zbR1j05GyMdVboHyq+ncaaRccF2s4gM3entwYDhUwIQIrBM
DrHUQdx4YmLsFsnPcWYAM8zImeNl59OdRs/OELtwlfB0cpSWE3c1TUav4ixd2y9E
NGt16kGawv1/crEliYI6d8mdKuV9ldSPqMstjcPc93HoddMnTAyWsOhvvxjiqxuO
OvQSEwyNVIF8v0lpsAtCJY13Z/yfjLHSREo/LUuMQUDq26GuuMSKknG6duN735xC
4wCmnHOS2ADfcavVKuZb9YSRBNGOfm+9BQU3cHXG0im4yGB8ZYTaN6L+ahp/NUZT
Dsl2eSB2rUZ5y3Jh5sWKjuhn4MSQIj+cRtfjSYVUXV70eV/wdz/LGan9LoA7U5r5
4TEeNukul6zoq8s5RO/P2YNjypXuL7i4ojGY7HpHMPKfbchu4kQdsB76E1RwogU4
dI4XujY0ZG+GWbwE21dHeQvwV9WYSz2DBXMI8N+pHZTr4crKbvRcym5sgx1W9KN2
Jh0PsP5ZDP5ge9fMZ8sBs4DHTlAfBShafCD3GM+81kENFuUELcGvOhIEQuoTIbhw
oMm6AeqpQSpcK5yB9dEcofgoSLeLiOrmOhuANGO/hljk6XE2VOK8WRPMzXvwG3qS
g0Vh2kMIl1MRvHAWeu3XtmcckRFuuylYzWBep/j6NGc45YqpSYjahMtnfhKXJOyO
F5cqzeAoQyajRH/jRiRtJP/ZOZAUF4cHJGd3iDilcdb/qMM051oKJiU1qHQ1AhUk
pumbWda4tWdOBEfx+vo2ltgDns2yC++wpA0khSx/CKrXUom7x3hKFxnM5KokG4/g
rAUJhWlJsg60EYesTYab3DqTw42GxQt0OfImUPAuIovwUczsh703cyNKxejR4pkC
Jck4g3acxswsdj3tkXIBMJTwmTSnPkhmrbzt/4nNKOBBU94gKNvhHwrZbaF15AAr
+qoeQs5s/ZJGB0kOMfvo1NGlEbU9is2ftDdkIA6JuQAlY42+jlcItmfVtZLNcFgh
GekIRZe95cSJXco+TZXqsyAtBjQ5Do+6GSTEvGibm+J4mP5QFA88KTTTJLYrjKM8
YSVjsQfIeSQbSMmcP0va9OVFCK1kSc/FBJYxKvhVkolkzHmStNxiDZaSnvaQOmBO
y8UsaZ519Am2ZzMpxbzBq2K5GrHScJiyzMrUM310DK0D7XdNDddy4Ms08kOeIAzT
l/3R5y/WFZXIuz+dkW7TqNMBMM7ZRQfTwExmc2h6pT9GK9BWZTJNjkTP/C0N0Dn6
PSI4KkNme1XneqOGacSP8kghDh5Ho7082YLNf98ARFkuHmZLs5Uz0w8Az7b3AqLQ
aJiwy24/UHtXZB0A3t13QPoxra+9Dpli0K6/m21dsTUHUaVU5oTk7IZWBgqn5Fv8
/pV7CHSUxZhhwHlWPfuRoqSvOFtH2RAZn30ZzK/XzKJcrYZ7GlmRBcBIsHnRyE88
28cNXNzIZ1IR2e2UpIFw4AOl0NGHvrljwZwRrhfB1O2/WjKxJZJp/B2UaYAFnxwt
P/YGHVxBPQK0lgU6V69VqTk2+cVPH4CI3+wz0/2ThWnrqHX7kq2OEbwtB94V6Aa2
CZKsVVNoJhkcEX6yoJwGLTyd0T9JJCAOn9Z/EuDLjQNlaM8fhPAAy9SmrCA+MJuv
TZ+RfHiRjipe3fNN5nClQ9OiwrpczmWnxcfZHcgbAA4dCRx9vFk5btenkT/En8IB
4x9KobM+cr6AYlGP/5PfVNencqDkqe20DuPH8puDd1y4wswdPoYCOBVMBYFh1XsO
Z13GTm8wuBrbYln9I9ihPT1uxO42Fkgq1SvnWEZw9+HHBsIyDSHnI4T6BrU0jFiS
De4KXGjSa/WOVC8ZsM0zIySZc9zgDP9FUlR2ZgtGxk3VS1SR5QntCfw4ADs/JpoT
4ecJwhliceOndYlAzE78qdBLVheLkvzepyZzUupdSoFc9TpoMnlCIrkwQ4YCksPt
v18nBCpvuM2LspJK44o80rYVy84yJeyA1kZBHaQ6w0LCBtBy1s0SbDdJzpeJ9cS9
bnf38tTKbBKA1bd8pqW4jYw0vDUrimFQu6uR23F3YBbMogVKF/stxTlMWXSb55aU
6/s9yTZQsEeZ5z+nfEieF1ulDTHxMKFKgZ+jqIB4YfJNsNJBpimaI98M/OzROuEI
spO48B81F07PhhAetR7A+lQug9tHtbVdhrT76/09XYEAVoSYArJ4PU4qe9xzb0l8
WsUCAfsrPSXK1LxU5tGmXuD3fzSD2QUTbfmOT5r8EP0PalYUIQ2f572umooY3JZR
p5GvdtLqSy/NWBcruHRSy2Oo6qWTaQ6XCCzUrbzysGmN3UjMVC5wOV5Nmp73D8iu
NzcmlRyPQmTMBAleillMxDVAZ08ppjQs6jl6et4QAEBW586sI2LENNepfD3a2rQO
sMA/THSZE85B5lcSAQsSF72H1uWeWtQf283RkalgPKblca+5PNvD3G9aNhM6E1nO
RQdTXpfOAqEQCWC+awQJWbcw9d8VB+Va1Qw0cMPG3KOIo+P0zS97ymGxEYR+9/lA
1MSmNSiUYhcBQXZHm6BAWYqFI3SyNxfPwxKEGEt1QXjZBxD0fSnHlz5SNZFmGDoK
ho0+IAftIrepi2CQoqsWUL5fylna+Sx68Cih/tSuvxuqwItz8FkeJJ7SKXxegUp0
degrAvP1wZoDp4E+wqA6/NWM+Q/xUn50yfrkudwryObodnFhMdFiOJuhnH0wv4JH
4u4FSeGEzZWwCHHXhackQ22YvbpAnWJV+t10HpQwlHOO0LYerpUka7Yj+ulyHEoQ
wqEUkc6Bb/giuCawwp3xfses8icwdREYQy9SbJPLpJ8CK4vEku/fOORjENv+3xqy
KCxnxuGj2xAziJ7fWixqHSIHULwJ4YzKlTpnKXyygxdVtu+/UzxRU4OFYUASCLnn
CE5i+/pRbi7/JMMwTrLwGLrB0DBVvnvPBnYb6qefIrx/bATM+F0nl0eDvkGZ7vL1
WWR2yBPs/sGPM9V3sbOxi0FjnWWkEGbuEwoACQZMkFaxAGdmRAn4GOMRv9II2VCc
KugZDP4ocrwiRlPWaAIi5n7e7DqSSObt3LWGg17esl+PqwRuuuV1zmCvaujPZQaS
NpLyJCnTUx8zhExfY+6Ah6WswgLxTAllFTPkeAldJtKLJLWrkCUbnwWlyVdNan6U
H6JEj1x7cQOibH4j9RsrDzZHiyQChCL6pSSKuupCocQ8FK6GVJk5HJfVLmH9epm/
2zlgSp9P2i87CpTob6oDvQtQJn9DNZgnVQTLSfFaHHN/HZk/sKjEgc2pJeozQPbE
fie3cjbmQZQwUlAXemz7fADqbgyu4bUZocqDhGNcFS47IuyngL0FJCCFUC+R+FgM
n2T21Avi8Mh2kBwmEF4OFGFsm4/yVh9uU1WaDAy9zmocRwy9dUbSsQk6yxCWKNbB
UlOgCMhbM1/bZlAeXvsiq6+bfPMBhTdJypq4p7MUWOkVomANUF7lKu21kqYeM00t
RQjHypSSBw+sNaVe+m7ViXhIAy6Xg0wV0FsBR17hnnD+w5fCTk53fj+nYlGP4W9g
p80bxh3v5EJsjPeXf4Rk04ALyVbjl0kNHHIvUlbVBl4s/pCm9RJl+yERf1ge4H57
BffW6N12F082ZMQLvNFP2oEqnrj3+cnUXTITR2MixghUJgbykkwq3C2LFNdmCqo7
Eg6F7Lqg/M3bLtzC6ao7Ow6UMwwG8GMPgkUKUJCgAvkGmLp+y5Nj4rAJYBu4VBt9
9X2MMxhDIP6kfAZDrl7JVYWsqVCY329rKeeHDsRYIkzPjPtOSVPSqpB1Wqtbj/hn
qXzN+Gxn2OVfND7l2ITJaihpl2pH5upKnDczUMw89PFXhnOSxpYgfv27sFPWoMaG
nkCBWu3X/qV5JFRfU+trLVgR++V7d3KLKSiJafas3vWGPhLDSrILAUI/JBA/nP9t
wLGk4emimlrUBfiMEFQn9wIxkI14l5AQsk7W5alfV2GLBy0xA5FUrbDpIUaABsnd
G5Txm27K3B+m3rDzayTBbyXEI8Pbn7lDuQtkH451nhKjFQgZDwS4fAyNaeEWthLp
XW18L2pmXEmQxotWyt3ujHqe1bMn+GWKPaLr9CYo9EQG1nVmHJnrCB8nMLKJnPqA
Iy50WHHoBA3J1iim80Q4cyWEs9oa06mWtq6uto8QFKpBGwAmJW+29dHWWAX2HYrR
TePGC3kbgslU33WYXfsLl7AsN4QTYNOozbBizWADsCRUYKCKsYtUr/mYNhkGncVK
u8cHEMfnIjfqUJx5oNE+t8qPVgvi2tRh9r1A3QHV/jY1why3/HslXUyvuiaytOfw
LNsNaGng/NpxHHByyPoJYuyGMl/bu2xr22nojeN23OjNxhH5I/hWxOLFGZsR25c3
fVnI6fJF9+bplmSh/mX0hGW/Cj+IetnOSbsmsLDowXmDJapUKBnyeezKL/Nm4yCv
3BOJchHsDcwHwE3+AbdjbyKNw4EV3s1f9ZjXxpB7saeYrbH6h1WkCI++VEh8/p32
BjlOnwZ+4qqPEbH65Gs6RbwOG5esLLMuAJWqvAE5LtOUMCTVi0asKr3jD5NkOeJm
7Wv9mY74nEK4uGqipJePte/sIuuYPGoRrTJATkAPA0X15EelyzzTxYYlbQaFhmrW
vjR7L6bKuvywTw2ioXfDel1JcTWAWRupNb2hK65Unh40tre1xXpk1YoIn0aGsRx3
AGp43S6b5YRasNkpkN46h2CTcYXrFmzrw7YViiu+YdjcRW/hsbZXPJ8u1/1K4Q5p
czIs/3gtaXukmU/CRsCVqFzkuGeiRuHn+zFPKwvgluEbPmqEEvnxcr1gkN4QZ38p
ADLstxklFl+H/8yqh+1g8MZEV0i78GZQq4chHlYXTs8Pfe3Aq/LEpJSfvgJuO2So
4oPiyBAhTnTCcT1IgBsfkJoVD5wTZPKqjQMxsDtXRGxF1AufJpc88OpLacEA0omj
Ay5j6dVa+SWKvuC8JPKTMyEpPTvcMynVRlpX57UQ8N66S2CX+vCe749n9uPzG6FT
1I5m7lJzDIsp1fOKAcfncNaLqxwyH8H8mBZKFBYgjA+2MTEyJ63z+SPY9m/HbMb5
Go6o/aUKIWRIzz6cj01No3lsvB1OIN/jIQdJfAzVhW1nq3aFbXzAKS8s0aSqSIwc
U/x5cCLFEac23QirJUePJaKGHrSlX5tENY/VMJx0LCh2fgRuvsZ7F9PI7monfxY/
hC225ZETH+Lb5YLT/h7ufVIWmrB2JbpEXMyvUutGI8DM2/2a7k2/e4OJ3q2mf0vL
E8ux8meOnDLwC6m/EEXogFtqUIzgW7kEAzdXBc8F07gvuO//7ydwgcEDo2CY85SH
YOgF0ypveLGHe9TzhpwgMIRov+vSMDg1ESqU3Ou1OGyMeZI90iPO8CkOpLc3rkU8
EYw3gn8TbSGusCXfR16uVrI07X3ISiKGo+HWQ9rZCvIKi40KbTlIkGnsA7urIgpf
VVgwHpd3UAhV3UEcWLGmneKIiYTFcfsKh4nvonWgDRornyHrwh2jf/colp8HwYgD
VEg6UmfdT++Wb2jgjoKDRmZszn9R3X1cfDMNfitCaavywIt/mqMVCAK6MZRTRwcM
BdtVKlb0Tbi2i64akAnEP1FkAjApbwpQdURzqBGrvF9nnr139ykaEUm8HLZvMBgy
zDyUnJ3mrqiRwuNwJ1RAyh5KKU4WzWkSZnj3SeBq6rZV6opmymTIyDeoDe+VY1Qh
LLrk0pMNOIf4Asq7YJztCUHSwO06i1h1T70d+ZAPwgxnfWmVjxPF/RGQQTclsa7/
Mg0nBUrvqWWJ+WQP3iysDgklapUw+BcRReAB0hRdcO5vg1xfi4SzQFKNwAahg41F
NeP1zWUirkh1rxOz4N9rMzToYpQ1vMqP/UlkVjZnS5tO3X/DNT1KiAIGdV1sC4Dc
kdQTNXCf9j3KPMSI/6qlQH/2QUZZRlQ+lhCXucEgEUZ/8yv52iJEwWLLeaj4VHSE
BE4DwPmtskHi/KthemFGXgqqxbwkJ0DcZVWeFSABX34myvnNKseY7o/F4RCKl392
DiamNOPtGYJXNcw2xjCC33J0ZXpHrswR/pKktOseLXfKbj2bvcX7FarR3ezxejng
/nMDxwI3q6WEO1semucGr/16K6eho3gRCwp4pF+MDAIk8pyuAzf0/X5f3vbKuLiP
p8r/wLmRH/3Aq5W9mskPq2gbOK8maLwQuyb/w6cmlWzVdoYNRTrjzSe8idA7/jP/
TSFapFMVjSe6vEbb/HDbp0589oBwisi5CNvUTYTsEbB5V/bJtWjgRGnn6RK5cLL5
2yCOPgIl33TiHtLUg9J193f9dGfFWCeQFrvSkr83Qj8VNzZQwFGe6IuIbvkQPkjA
eO3ImryJVrtTp9prcgJEqgFiOKDwhQmkzfKDhCSOIuxisTuY1/FSg4tcU43Xgz9A
VFnvMu8/KDH15oRHavvqrqzS7RAPsxOEEAaDdovTTUNwnjtXfkU/cJBd3VOisify
4JDiDQfuCA0kVputkRiPc9zcXNTpIUgx8GjiubrzHUbyiOX3o0ofb7SAesPJKnW+
q8lreRJfZOi1CcJ70oXmnZ67lQAL0qRH4QsWVJWTMe1y9XBrTWMFBRqFiA8sBAow
X9qW5/LFu48mwmGuL3coAyTdm9wDs/lA+MOIEAp4xJXH3/8Wjvzsxt1zH+uNIJ63
lV47DO9SmVdpE/4qnhtLfUkVa+L/bX252ipl2mxWpaqATPVBR+roCax9CDdYYiUG
NwecU0yTucuzUEDbnZPoG3Zhk8g2h8Osy4gxpfaUMxSIrPqwrL8JFIt68B9uodRO
GSV95u9xh+qKOl77tEvD4hK52/FMv2Dmr0UEhTe1vvoeryL1XQ9C1Dvg+Su+GBem
oh3oQf8/B+gSDoRtzou2DsWqZGbRIDKkUh1XCJeUU4af6Qh5GPEpacO+GRp64oVS
fmci8s7L+Ozzk+E0p7XwNRxdsKnQ9kO5oCmZuF9y7oTc9XRGzPFFzOPCllPGvDUy
nKi0g6oykctfS8mq1JIyvB8Lyp90J3tBLl5BTAKWvTW3bVDkW3xwAPABfyVSxY67
j9xLaPseUGOgZTz+9HA9vE9ybuPzZNmMOVdOzCWmZonCMLAsXySWQ5v5n6tAvhCf
q1Mu0ErwuANJMWJH390Kd6ATQbutI3HqodFbOv56o+xPgD/cmwBRnoUDsBUkLIVo
qTn5XqzCp9846/6v8D9CIuZ7MN9Za0WptgWTMIn7BZxiL7rJRNWrtPLZ2VCzMyxo
Ak8Z/shgot9bYriNfQdCspBYvUpQFfiwuDYDRhZRiB/usWplGmDKq1ZslpxUbq+a
E/9zrKs9LuDLrMEiAfXntM0Jm9+M3VXJYD5HG4srAhkwMOQA6BMhZLlLf/eZ/JUR
XjmZw9B7iKycH0kU0iyQLKuEaCA8PA386VH9HhBukpLTwvxwFgOYtm+IVC9rmr6O
tbvZQuU2IpdXxEJ8PGoY9MenzI2DUM2NtkBqBf/HSxtiLfL28iYKXAN/zEhMm5li
ZuOSlUlr18nx1YFD/vlnQQWgBx2/DFHPoIT4BHuqbpFyaB+1yjz7+Hcl8z6kqOPk
q4tqhBIhpCCHMfeHsvLgGbstahhyGIW7hfjTwUROnSAbFuUZ8z0D8ivlCRlaFC/m
04XvYITlnn2pv8Gohem6kJtmoa+4UMhKxqYctCypaPWLgnNqQdOynKWQeBEibypS
LgWm/7tHvCRUkcb4afxieE7gc2Dm0Pgfy8YWaWg+YDbjYEMzcuXVb3Ub5pRvx/wK
z3CeyNtMa8BFbMo48JnO/DhqvjZZDrZv7//CXXOETrVZjobsWnDqICFv2n0vmGiy
yGA4BubYcmyH0p+iSpbQ4tcAqTxMhh16o4WARMXEAImkeNcnmug+8SZElYNywQQS
uWpptUVBOQGN2JlH7i7pkQKJ+uKVVmZWe+2OiCwXyQo9z2/JFSLiFNhjO8TScb3x
wPkJAvIwF0q0DhHKFPkt7ECgdlv4T9H+8CTWy3Qsj/G2u2WAwPH0iDb+mU0zT3FO
LEZlISz41f7HZmzzFIOl5tccEkPaG1848A6y2srpVoVcz4kIcblsfFJAtn2BdHCP
rQ/auVqww2yWaVjMTj2ywke282UZAnbA0xRDcvppE3C2PV2ouL9IWji921GNs3bN
KCLhDE+KfTrIg25d1l0kTnh9dcoicmTwxCa0pniOc9g2HRRkms+CSRjwXvd6XTNG
1NDkFwx331hlmMmoR6eSfKTWWh7oq/o1G1tvEf3RX5JEJv7Np1DMvw2BvxMFP1LO
dZdltKb5bFpIkig1Aifdcfhxfd9HTungY5OR7XugY2r34+UWYkaEXA2mH2Zm/ba9
rjtpyp3NGbeqsmrgv9QcuFjniuVb2DkYMphpdwjXT5PCBTY80zWUR+UMT3BFa1bz
KcmyLwm8BXDSOX25vkSwmy3kJDxd2PeBGr/7aSf1EYLYZBcBadi5ZnDDg1Y9xsjh
/rU6P4PzkGbrhtNdRFXTOZCV9U6Oy4UGFHDPEBiFIHKMnUuEYuDqDxjrhD/sWBzt
OzbA0a6UsNNqhUeVYvmqkAyDHxtGF+K5NbyFfffG3kdhw9iY4PfaAPkbJu/bXXYV
7Gh5w/Uy55DheJo0Zac/tec4FbV+ehHNIgm0vnXWQMPC69MYVEzJGuhCQfe1UeBL
pdQqJYLp5ZlX/741qRNQnYh/c+l82N1rmVFMzuTDHnHS38Ovb0ujAFZrnFH6V9Cq
5ijpZiVbeiQG25NmoO0mdy6ImXONKHr/oPUwpsx770fLEc0DgM+/YgNprHusPvzD
cgKS+k63L1kaP42H+Go1AecC6i7eAF78tE4i5cvqp237Ut5Gjq1Y80u/zztU7Nxs
a2+ONh95eKybr/TqpTBes+cuzWkYqsEm1Xza+KcSij5f4hiSGkD0Sih+KlP4Ron8
C+oCLc7uXgvda1WqeC1ZIzrqPiCXKTUop0CFrZJBDYcqKWqjRX/L1rML1gUqQ/tj
f9RMlkJ5cFZ6WUduv69udtEp+/1k2l5bpHGKJ05BCO3vaP8Y3nkvToEoGWT/e/It
2918hkHVJmqzK/x0Zv2XD3Mf0GdIElw6+BcnU5rBAaN3bXzGax5Oon1iW+KAbYUh
2qJn0l1LxNI9tVzfERkCetQgNjuQA6nhNc70EJrPySiAIZk5suD6WogkcS1IA6+N
14RAMTLNxZcSwFJrT2AuB5JzVtUe00EBcf3CdXfFQNXtOB9Lx79EhQGFzoT3jS58
WXTDsP5Xr+jTGjMyDo2JaraJXy9s3D6WgTeSTc6OQPfoUC9HAB6nGBo9iT0G1+/v
C/9rnjjQbh9el30W1TwjkqPWBXuiRazF8LirwxkU2Glmpa0Bw/eq3Nas+wreH5VE
oFZo8gAZhHNZVVtycP1I4oX+lPRtVIFRZZguDegMroMhf3kUh5k5EvUp0ACTXiYz
qEcr6iwtH5zD1Od2iVnOoxNGOmtKoGnuwELARbMFNK6qjhwMQR9kzVF1iywUoRhm
j9L2Xee5RzXVp6n1tsN+wQ3JxoU9rObLu/PsLA8Csncxc2MoyaEUyqZXiLfR1nDS
Y7PschCwsH+ERvUduHFFXOwuTXw48Exk5yE3vLIJ8jRaK6jSVUfYULVwrG64m1Sv
SD9E97AW0LkPwkMpnAs0Y/LEa1AJ5Xul7n+tVZ2/2AX3vmMkt5R/eqH8V8GTB7tW
3UukYi7V5vBBXgK8atfgM+UUo7aE8rvI8CvtxjM8toUAFxG6VPtEvP9l5n1DKw5h
7w9mqaGOa1UDD83w2S4jaFIELQ7Rm6mM8u1uiaeWFuN3Tc0dEGvwzbEhcX4q/UYi
8UJ1HHHNL/AmxSbD+dqDH+6t+3LbUqWkZI4b9eeEspJcOYVECzmd5+NxGZYST3mk
EzEXc3aQMacKl4k3aonv/t6Tz6ENhehBPyzsI69fB3BmWVYClJ88zxw0o3n+DceO
JLK5v9wAHT4sStPow5GtUO4yfLYe8I8CDhroGhR0lFfJkKoq5l6quwWmJj8yVPV7
EaVcyMIj6H5wizCFA5ytS4u+GxZscyKOz9FJ0EcZA1viu7JB+O7gTPAivBBmSfms
tZLyFMY0ouHrlq9YEKpyUuifaTNvrU2GHbUITtYJiFEixQPhDODOOyT2A/ruObQL
6BwYRQ53nSB4Gxk1I+Gk6HW6qAE3qayO2eooGvPrqUSTU3vbe7L/pRaAjdhgaoKd
L6keIGqHzskVEhFONZ+WIDgh8RpQ11G+fLL92jkWklFQX2prv/NZHgDmhAgTDGnU
Ay/AG2K/j1O6qH9yh3BhzF/1/qtNIVORArpORdHFkeh0anT+eakyl1u76xDzShPB
2n0h3sRBtQiI4pzmys5Uuxtis+Mc6+3jh8I+RE8UaUhaIgpqjdJEoKYOhuAo+vKj
O6qd1A3kRQ4jXn9U430F9lRdqVeQ1p5lS3TfClfIZ8937ltzLKEm0r6Ve3gMHOTg
TBalm4gMC92Z+uiRE8EuLGyDbLNdSQRoUVkKFnNMQkBcPIUTOekN7xZYZJU9zdKr
X3fXI6JuBnlr9Nmb868Mcrlnyc7HtDTE3p149wr6busz0dp/DZsQJlaYLuOUYxmX
5oekMT4PX7sNK/bb0baSs9A70MLxW3yWOK0SrxVpZU+mDzgYyGaTXxbUnqhFOAfp
TJ7AXKw8zt6C/mZ4sbNmb9t5xqf9AyXpzhxWVJIvfjjfdbpknHRiPtqi3j96SR4P
TvFZDIzll8vpUzkEEAhZWxicKC6YvOJyd1+uZqyRFQz/LAljJ+0y2yXTay6jV6EW
lMvQJ+tV87T3fGNLGGKswFii3piqFAbvl/74znVTKEeMimPLZJOZyt7DJoufDX7J
T47kDS1FeBEdIwSvIRfhwsmuHtCcj11CLmh6mg+00vwJ4R3XzC/vhYERm4GRcRnp
44/WB9WPZGUvYB3TGab3KpfLDo7+Nl51aRziDjmRzsMHUDdvJugD6pWJCDVG38Uz
39Mmh9set0iWEd29x69qSdTQsFRaA9mTl+c7u9IoK92fszONCt+784YydIqueVE9
GRpihA8CKwTWv0k7hqnj/EzZdpljx5u6I4GD1kI/Aa4twRf4fJgRgef70gZp5n01
CM55GceEz9lam8OQmYu4KS3+qpnfXOV7im5Cq+4k/m3m6YI28J07YGbSAD1J2NsU
WOx0vSMy0Tzbtz5t/xdE1Hp3f+6uVIE0+TyqOmWB7hc4F+xsSgLCDC8Wa6TZZ2kk
xvRjO9jZubBLe3dgmGmAdhyHsHsOB05+Sgsk7eAAX5nr9P0HHXAdC3ulIsRFSBfB
lVI9FWlhfBf9jtLhPcvNv9UAnutAsHtsX58dr1VlKirgaarbHY7UqU9XJcv7tmZu
3ItDc4EFiczPgqfGE43ruTrx3F+o2OiymRnSEIfzQbyJkoNOvS1pmb/QK2c1ViZR
3facnaUZ8E4RIkji1kkPHmvzEAR4/dlzeqxUBhJXXh+CGE1uyLH7O19+cEJpfwqX
nSbRYIATrJo7VUMOQwPdWR+I1/cfyqgR4wjVfBA7XKq5XpP9cY28ht4Z6agjZo+p
wa9mK6qvZ1vcZJze6JpCl0ADVqfoNibIp2KGQWqyHhqOTQVsswwVVJpyIG328Izc
b1juDTPlw9CP1LWtzBLcGIMpXIOUPLLcwzVu80z0vDBU8Zd5v6sCdLZLF2udve1X
TpCMHuw/8s3qGF2GddNmMIUmDcu3NopQZ6xS8pdl5HkSbN0mcQwyL7pHF79yXr/2
EyY5NNcwRm4z8h6kqImDZ52kOrDeu0tKffRtkfR2g+6i8tL3DIF8DW7or6ykDmg6
YoLTHboe8dhoCb374XeOZB2xMdLj3i1gCYMZ604+gcDyNIFc95OyFNYCC3Qq8YNP
cnCPBisn7WqtspAw0ZU6izrduMAz4FcBdpODHscMtqbXKnE2LzT7PQ3ph0N/hCNP
d11JkZ16adWB1FEnhkgTGNUG4DCiK+SQQIEb8qcMwdLwm+jRNqKCH/zEvyv4RsvG
VfZiaVaV39zzcTgJ3+lP8FzulO/jjffNw7aVOuNNURZToOUkKPdIr0Ca1U8iJLa4
wJAbr6tNfgIeQ02gmlhFed0y9Ls5hgmVwjpJSjP9pBDjKveTsMohO9eFBWhiIZsW
3e106OOP2lbf4Jc+vhWlo4tkCud/KsQy/Vm0Xr5moaGidU+P5Rsh864GdrSd4J3r
VbtbeHcb7aSBsl5n2vsZB6bIRwS0AVt4AxEqjF9cOtQk3O4QpxNTciIaHt/rMCxd
fyoX9VmmMmwv/OZSC52DB6PKrIpTRnN8BjYO6rLn49/PU/GtE/OFtMiFqntAOs4n
FpFjeh1k9ObaXyOz8V9oFEZw0oNCbU5i4oP8ONpZRDQum/gJywrnrxdWSf7XI1hZ
UJKHkXFIPVKRCmwZgcbu/bRulOEw+gRimO7BizuLl+PTeJDyifUMIUika0GVsJj3
B5um+zjwAeLqBHr2m7QWgrMPd5NI4R6sUR1LrQ/+oEN6josvQQbVDbKTcSjdXIRR
czv8xOIVZEYSyVWKlBVW8CGtEMGOmBL+AMhXX1o/HL50MHF9M9DrR3ANH22RKyir
70NlD74evAF2dKXrv1kCkBuM5zap1CLJiPMXdFZ0fP4JwcBAVfLvIhuEtZiD4LfT
j22xhDWeMlwmWOfSMtOnVtI5U/5E8LxmBWpi/hISGGqgP/9frsksVCGpRdHmnNPy
nQc8Jmx4OLYVct6uTrDX/PeqlEeNabpuxXhRYvXTRZVsFDt7NS8+NefE0ODsIhUP
QVjYgIEygsESDhTOKmGtDmnHVTfShrXrqFyZigSDtujjIse+ncXUDeZhn9csr5I9
rr9U1nISEUAiZN7y9ve6Qn3lD2gQHNnZrkQjCKOXiClT2J191Wubz9dkIHWyDpyJ
fEqaz/Zpb7vUXsQFzQQ/5tV7pIBGB/bGF6ScR6Amw8vB1+HhPTPDmGYfzHf1NDBe
/l/bEHGQmVCyA52HRRRpR/z4/XFsHFpJWDUFTKxvKiK3ko+s9ZGDfZLbemJRJacw
6RR7P1mkt3/MDQkAlyJruZ4qz0c0ZxOGAcPhYY8TemToC37D2VrfMwc3Nnw+LXgJ
W29mY9klt4mJPSY7WkUTG8CoKBNk9YVcrwWMLo25JpZFl6EQ8/BJKswGgRb31ih6
wV8Co0HntGhv8Bf1BE+JcUTJUUBo3tTVZKYltFWdw4TF4y5DckyiEkjYttcojeKT
/UpeeRUqyeMBnPwbCW3QgD7fL8qSrPiWCpPWsYTLnH5LR/CHc9jilCor3RtP5tkl
7ZUv/33cEdTA/SPV6B90JPmRbvcbZL2c6tCObekAcpbGII0M9/GUSyrmSO5CkKIa
U1LAE86y6WaIeF8Ijucxv2/4XoIrWuJ3vdS/Ka5LJScOjDOjOlsg8VZoTTNXyl9r
qni5mHodTfG47hF2/3mICXniHkRl5dpYeBIzD8hpmT1piomEu+X2q9vDhvAbq5Na
oORyaN74z6ZSPjvMa6gUVeK87bleXC8X5ThgN5lXd23g0Ng0378sFjFrLOkLgQAl
gbZF1NahjmSh9Oe9izBNMt6rJYa3X0WxKL8RBQMjCOnof6yCAOXFmvHxJ2ve6G17
1Vs5bUQO5DVQAYUqLoeIt3Jkk1GnSXQjVime8N/v8REMKHyaev8bPNbat9UnSQc0
/B5pjd8Lu5DKBt7b6Yj3hqOQ8zBsr4Vr53H0bgdnYA3oziryBfgot0Y8MAwbT9Kv
SfOtmUyH2N0y5C+EofoytL52OxtvV89015Cydk7g1oN7npbh7nYw6PcWVYOZLw0K
r/3oc+K7h7HA8XDqf4QC/R0+zuKSwdZpuA3eaP4c6Yn/rcyfWxtAiNh1aQu+4ToV
icPpM/uOB+j2mzxER9r0rKuTwPNJh9PuJ4ppUiYh9Tf4wZAN3H1fu7loFY9AU8pw
5YTU/gUj0HGuAdCPskTHjWV8rur84aopXi2nLiqlRAKSmkrDPZP6knVD+F7uu1w5
uOIGkql4zgXeVUIsFzrebDxF+OOCJR74RD/h/GuyOjyihwVtRdLPXS5QkyYSCSU9
05F1fb1OvpaQIDaUSYCY/hqiZrV7IMixMwCyRdgGxBFsN4vLWCowfIAzVgXBaNrw
x1vsvY+snBhHpbBZQo0OcStoe0EJQl5wyE+lbm3NhdC87ShVNk4iQhQeenSpYTDc
YisrvB2bMq7dvALJqBqtgToNVR6LNJV8lr8nnUgNcmPzaTZKc6VxFz3nPoz49otH
lxxrk7F9Hn9ee9YoX6JiVx3nZuQyBnqdGGT6ATSXVX0fvdivAq03UCLVKh0w5Zj1
XrLcqFTRvCZObtaSZuhSUjd7RH/lXKTab4e/F1UhMqPD1LnArD24TcCw7hHRcqKz
imf24rYyTYB5NAhRS1RJWNTls1xyXtZSVUWc9MGcZZru9Aj9x57q+GTkQPP0O1iO
4e59wJxwrLpcG7sQnD5YMb/sYcPH885cqEjNiQCor28qpbz2SB5AZWBVsIpLAtdp
/GxF10Ej+SX9MOKozXNCeRaJw/IC7c/W+K/LoIRHatkff/9GUE3Rtcrb++9Enf94
aE4zEQAmdDzlqqZgulKaYZCEjrDaNhaeqaJVkTp+LjGyWrc29Nw1zZq+MkPZ+HzB
WJWd15vEp93xj+E1EZvmoJ3zlfkX1IXKrU9KZSqo82AqHJgmXuncv/vmRik2j5XK
Bws8vT+iXFK/9qjt9rph5F1euw6Y5ataSbMg88abZOqtdGav2gtwlKPDCKYKvTPb
eoVYRGA8rYxEA6B3JsTgny8wFcJazpAs3vhbb71xB76UoZoE7YCa382oJftuqUgf
3/d1M8dGcKWEQlD8cbBjWGo309ou3i8Pw6aJD9IXw2ibQaETzK8Rbl15cYkzb+QH
yK9WMUnfF1prWuCOtG1hKm6gqaXztWOt4VmGQfgr4KElRnfgk2rFpjwL2XhYXgae
XlqcICgNk3WGAlP3TuxXva+NaAQQNzwlkmZMg52XL8jY/W2B1s/nadf5+AtIKsFj
A8Pwh73U8qInhwI3hYDtnl/ygXbEZLYufMhOajD15PHmRcrF2dRpL7VZaO1L0iJW
KdFT+RO9azpTLDd5fk0kz9yrBVDfd0yJC8FlaGSFxMp8CnZ2ycKfVsSEnILfSkf6
HiaVw+Ag5SUI2HArwX8akUNnflcg056lZXxBfFy0pi8KSolsMrq154JytQ1vF0DZ
leikPVopHIw2HdQCrvd+t0VYzjkS7AVaN2WvmGvv7H1Jzsfbw86oC7CgNpmZPOVk
07NW8LNjrGpfsABKhr0D+pOlyqWp8+4fMGap7cwzx0/KfJni0e0h4k1cfjoXQEfD
xb+pwcnYqDqaGUBVTaEftAvziPM/DGLS7h8tobj8i6bLfVEm7HTfnsGSc38p9Wi1
MgyebpX9SGf+NcXaCWYRQSsqbb6hWFE6H79eIGasfI9ewOOYfeSQSBVkv+J5B7gE
v8p1N2zDNFK1J+Yp4NaIlbGY3e8Xm877w87MwQtX/lwkYrgr7BbcLTaGxpAqHwXn
PfasDT7AJwwzvnp3caF3uUG5VIppQ6NMtvnqpKv3sFlYDyWaVVu58cA/pRHqgSwp
Uk2u4XrSOeuuhljT8CTpoeWnUzhbgFvAqGvCAY87/KWOniu17Ma30MYoVb1LCqqh
1/yZtEjkPW1lf3i7j5jwFUr2ahbK/K/M1AtoRndsUV3PjMoJV+/VSGNgHnXmgaXw
gQC/pGXknyxEas/+fFtMwtKFfa+AjUv20+F0kaEyruw4Iwg4nv6PPIrarvIEGwoS
UMFSa7qoGyhmhkE83kYtu4Wct+b4pw4RVZ636kioSe09lvRvQquKAYsbQ+dtPAdR
nP8gt+av/dGYGh4hmaxWAmftJbuITRdrgvtsPQt6EbXmnUXjfItiPNORp0rNXYk8
T36QK1P9BySvsz063w/qOK3MuLDBW6xpbRHjyqulhU7tQyagKj79oQlHKuEnXkUD
e+R6g/Ld428UqiRDLSx4azJX1W14cmeed5FWV3TYQ+E6mfT0HkwasDxuUi7NFn7J
HvgN5qCZkFGkVF6AUu3Jk6lHqUvgOwnqaCn8YFC93v4mFaroe0T0ZN73D77oBicd
qac3mFkW2yY8Y2EzwassT8rR3t07fBcZIobDW9T3hWjiXKw0VrJyLbU/3uIgmUD+
wt3IAu8GDbP20xMOzLJJmV8oJ9jZYZ7VTR9ImH5OmHhTV6UTw5wBKqOnLlUgMERU
PuXdmzQqYFi0Km9/gtmuoGDN2amibzbgdvpT5KbCBbEy5wRgNCE6euxyz/7pmzFd
xUfBpnT5r9NTIcsRnhsFZHTA09YMEAayoF1XM1wdMvhFA3DTt8xv4nt3z9bT/2gs
2Ce2cwE4v7iiV92orn2EDSyyvTqVZvcpecSPA19Qlw3iL3dt1mVUEhFei4d7PgKZ
XNgajLkfhI4w1FoQDK36gp7TxScJip4LtzBfI0M0Am7i/gSuU7kO/Fqwbmmzt+TR
XrMUzR/gD5Hhk1IXOblYEg4L09Nod4ie9cF7nr6lOpMhjODiw3LjKfAz02xZ9Q/g
5ov2DG9MPRIZasO4NAwvdBYKze8shkwPJlhYlOSKNG7NFBGC8/Owj3nRSHtgbEkh
BYm2fEna/JR0v3Jj9W9BbsELYTxQd4xULuk3J5UR5T0Z4782FeHrufiRCVtHLrv0
GqfwLE822vAXFrxmmX9J2qbtdxuTVFORCws9EDg1syfRAp8YPPYbXxBupAiBhFJT
XR2ruVOyt9FJBunX5mzyT4Ph5Q110lH/9giIiI3Z4qPLW46taMlR9erUQszvZeXe
/QAdcn2mOUDCt4Nydduzt2kTBuKpU7bhqtd/sathnOsfW9HeOmyMdnVZvb4UBQ8C
mWDvlxoowgUvkthJeKwTYr7B3M//4e0KzmQ44TFV6fncVx1IVbP7o/Ev0N5elNn2
VQBsBLDEvgONhLP0zUWEeZfEue9P4nkrdCkhASetXI37QBhwI+60x1g20Bs1baLa
U9R0QltQYbF5AdxCmQG4N1hmPi8f8kI9o0PztQTbRhJqTeYVQWv9yb4EgDvuDJw3
szMkeqFOdQptME8mR5dRfeOROwCqaNvO7/XllotCjRcVQE96scTUiHgDDIZanb4d
/JZH3Y54iiKdCDztCqkcdSwyrjAudjcyQoetlVRTLCHCkEMQW3XCjEJdydHFOJO3
rFaArmzcXIt28/Kzsnw6iffRqkGq4EESe5gdSpPbWOtwEUeDA7wKYGvpXeywaRH+
/9N8ouVnury3T+bLV6z2wq/SazVwvqdsGARx6MUr0tBRiu2lBJdsB3DDEuFrQWUU
L3VE+mPS8ZhBdEQ3/uGGatuRxaVwqq6HdSjR2dS53qgUyotBO8fEyn90lLn6PS8N
bUmVTAIn4m2xf4Abx7f545GDxxsuF66SJNfb8aVEF+cqEg8vztpPrl0EJf8W4pqF
UAHHKEaTqSnYaEFQyc4hIlsPcvpOLrsWHAfqEQqx2rvNTSq8FfasV0WPwatOAyta
lhV0o8KryGBYRraemPSD3PlKRt4ZverGP3JHMOnXmC86/5RL5mmsgrL6HKZI98EV
cEnfBQlDawoBrrzWQUyW5wVwEY/H+2/AlcvNLKQEANpHU4bfXMXJYsZwDVpFhm9k
8Y1Ov4vOqs8ZmOntd3+0OTho6CkN74ORzuCU7rm41MNPIgh01UPGPz9LhCGcFFda
DFZR1pP5Y+qXQBhka9VR22kl1xZdh5C20TiVYc+vIzK3VOyA9grTLFu39iPx3ggD
vzn8PPyIdfDX9UF4vunqL71DELo9/1bQYEsDGx5cFeEZu1BsDI3DAJEkBagtT9zy
TVeJNdZZ3uiLnK7dH+cv9/ml8JTfVHMYylt5zymbG2EQJbvO7PwYeJlqCLoTJAad
z6a2iCseGxbE0A+YKB3zHW1yUynHABxw2enyvbJ3lZFKhFeI++vxyEyDncjlPvfU
MI67sEKUwa3RPG5wry7JM8c5W1fvMR3K94WlBv8tJKgCQHD8XRo13n/Ud/hI80wF
n5uZzit2E33MddNRc4WxH8YKS4lTYJmE3OvFqGVqbbItuPiaMgZtEZgsPIaadM74
tH7ea+U6q/j33VIzpi006E629+KLpeIecYuLEdjvjUTTzD17BPHFP9EL2cKwA/q5
WKwr7x14dpo7tmJEYugTNokLcVQweWo0P1VU5H9NXO1gh4j9JrYja1GQyMzme5/G
UYIY+afV1WY7bBKK1bN5FIRpnqAID9lZ6MCKBfmZWLnFqC0x0m+rDc/Xs8dOA3R4
0Y+D/HfJLq/IUJNDGuwoz6YqCMdmaipst7KN8WYT4QqvOfJyPANS4CN3qdjTG/tw
AaAceQpFH2LUcm2TMOdjM43iN+xNJu2fkUI/fyp+IaR0OiV9d3wl1T++Czahf9YF
v/5YciFM0r7EWgzLIzGgUi7kJD4wPXfrmzXMHko/Mh5ajyXgsCAfzYd6wTsDdS14
JRkyJMKG/pX/NgioomwVsX3bnvZ6G2TgKWgWZ7jZnvs1aa1hkAwQ7o3bs9XClWF2
dmJVTqm3QX+1odhLyKlJl0BEXxRRnjCkV1l6KdgMGq3Hnb8/1x7TUl6iuVHP+cKK
CZPdKclXoPpHxVYBvZWFrehDkG4uiC40pPDe5fVYO86K1e6H+EXYJGXEQAKUg+Nq
SXBsuTSpQL75v0lD8J0h4jRlLv0dlhgMEze7sas853FTYdwBrKgt8Tpaog08gXco
2SHjGYljgW090I+3PqDLaO12ML/EjJfgprnsl1SeN/HryExwejmrEQ/zMmj/M2+0
alSEVQhDtWd+ICcB+Xh4NyQ9qCgcWSL9BeWOQKXL6NlhriLQZGdb4lEse1lSG8ZK
6HdaMI5mWmQU+FPIoyhOpseiNeoQLIMpup9rZ0b3/cyhGh6ZgYDbSIcknnDLa2CZ
AmeJJ2vT7tb8NbC0eNzsud+vgNsQFwory10g61AdB3eIUK/eUWFQhUmyE8gJ8TCA
R5xyLoymDS1zJTCDaXquqZSxzFSk0DpY3P3E1gLnCYup1YwZaShOzKczQe7xvJTD
AoOm9iVeeQNI8266g8Vgb3wZ/Cdviq1j8tVnqxPwFiZFfTstuxmMQPxzSUwsuko/
PMFqZL2kafp7bbOsG8zWaVUitBpqryigmcob9RvAvkPzX/7FCCwoByW+GGF+u3sm
dt00G0Gl9z8nZXyBbgUoZTjbpbl47aKU8ffNqKqhoEGLiccbUTNoYu8/q6KCsSLv
F0HHdTHcSmYMQijIFyI0MwPcgSGHugCf6WXHH+2BFS3Mzn6pMoh0+Z2jzFt09r0V
SM1sGxlfkyz3ZYjE2K1wLBvABrkMvcFreDRkwBOvWQIvpnQKpSOzU/ZoX42eQQYU
lzzbMT/zyLrAzKiZ7q+clAcmGoat7P283gJs91IgldLl8VOL7y2zI0X+nbic2qFZ
7lZDFvAMJ/bg5A80Q3xLV+XZoAGmOJAD3MnzcF+674eBL8nefPigIHCuJgYe8hDf
6swx3Qgq/BdQvTnzPNpGzoVaqp7b05XlDDPuMTbVzFvy8tm4Z5uBEwG4oHisHzJy
OyFPqvL/FN5Be+zUcZ1VnqhhnJ6SgNv/RkJLOp0mh0iEJdeWSRBxmMSfQVUqZ5wZ
2kzxK5XyEf66L4bWBY/KCa4O+wIUHN6wrtYHiEcbl26KxgrKdrFTgKxadamdl9M7
DETJnhVJN1+6gGFRnBl0WGHwAFnF77R6FTemGPM66tEL3+dF7/U6ICM1TK7B+XFP
6oNWBuUWDr/nOp4MuaO9Kml86ZqcfEfQV92iSAvp1+/XaFK/lGFQMp9EB1rOQpPw
qGmMFuP6lev2+BnfRU5erFs8/0EegtQor47lzSfi/YtrrZoSvCVn3dBvSkdXou1K
QXT089HQAxq7z3qn8AThvvWOFIFoQa7rZ8a6cicIzTmnBZkoAnqrW1oMZcx8yWDW
ez2lBKQ8AmWwmanKHqUnBKXp96y+RfrNyk7nMnjxrFVbY+olcAD2f0BNdtIXI0gw
qBns02geUEumIJD7yIY/+7jvNZLy25uxfjMJjpQlNsSYfS5YDnJ7ckG2yEgkpznj
8VNn1XZ29g0zeKKdSMAIDjD/vD+L+YrzccQzpVUOfYUs3uJLjQe0xj1M4rrIeNJl
EubpJTNbPVgOAzf6OJmkp6Xcj8PNhvxJsxFCrZVd/c0R9gV+kLsew2bcAdvECyDl
S4K5AZsQ1I/j+/Gv30ira0etb1SRQb3jV506mY+tzIvbJf57esJzqNFaKzY2ORIZ
KAID+uCQiTR3b+RL/RWvuf4c9hFRKv9C/eWUqs9W2UdtbJJjq+/tpg6rfjW2geBe
GbSkcJDoAYNUGFDW4MTSfZFi2V9c7xYcSm4Y+QOJWGcib76IJFjIR/jtr7h0cBoK
ew2YePVrKwSBvDwzAKQND0x8qdRNTCHNO99vEOSdt0gNGgCxmCh2sSIpragSrwht
ImJfMSnC94CLZ/11XWc2CRqbIjs7QdsaS/+CuPGZc5LEc7SCM7jVdY75bRr+q9Zq
L7kWqDc94qXFht1FVvZWBlaqDdUqhuFgh5D9WB9hKPtj+5G/e8DJYSnIxfmvgd82
rUL0M8X554Gdz5tRmIp5zlb2cd+0ifVR+VDHfOHHf/AFzq1DKaxmw6p1dlWxV1c6
xviUKRZEyVIakkRkYfCzAUX6T8ddylDFyncv6PNbTD6GxMLwpKQV2EnKS28GJ5rd
XA/cejJYu/yQZj4DVN+lAXazh9wGrxozxNXnMSkFEVIh1kHKacQHnuMXF7PNx46r
baw5TIYNCgQ2saoom2KOgFHhkBNXj7xlXsrU7Pb9vSrxmCZQFXoX9w7qZ8LKuMO9
FE/H36cYWfLwk5f0mzMrpHobeFvIRcTlb5dD7FNNPBPUOiHz8xhFrUJIvFJDMyZp
CSb3ka/2/+UvjTt1a1MTbZjuq3Xb8K2eoKnDUPnEDSQralXYXfSAJ2HHRDR4aafo
oiGdPZJtZqvRAOTVe2NYBJ1Y1oLicpYXBwvoGBNswPgvm4MpNgi0ZcF6d5UGypT0
8jBndUhFHBK7x2sK+DrZHXSLfUKUxMn9PTH/snV5Qbo10XLyjGLle/13alFAZ8xn
NCfBexvG7f0KI2BjnyoTB+7zo84eQNMLPpaG7kE/MK0hVcz3cDpB/IznjrlpsOtd
JhyohwF9aRYRvwQ69AHog4o32BSeTEkHydsUgmkDewPNBmLexaRQTuuGc+U09mpz
FbUJlFCscV6b/K0TO7c9YtabsPIhVhJfKN71YZzrTvOfK0I+Xvkn8ASdgmrHHg0n
1NrDEjuW0XPFPVDFll/6zzeg+oIPMHOD1q3IOb5vU0zElfB9B4eD44hnw+meBGDQ
i4cvzH9QPc8xZx3OUa6QGzwNE/E0Uu5YBd6vntJ5q195R8LruPrhTBLV+NngR/mE
dYxGU/Y14UsMbzYPcNWchc3X2FnfOSqgSFM7WeRSC1Fr4epwCGtEYMDOM3JCE7qQ
0jrJcwwlWOGFAqY/vWKNT+nNW0MAPVdHNDGiPIpm/+9R29k8wHIUQKmtxqyeJ5QR
E0qwIDyyNE9WRGJg1xYGcEtl+Z0044MsaV/HeGFRp6nRlrIKf4Wz5imYl7Fwko2d
NxkrwvkdJgbjLKOM0KE22MzsxFZtMVMqd/3XKulmqZj6eWVIozrFaZxaTJ3clgXQ
8v6nyPskBZSjCgbZwSKn1jMgz2/inLZjzAaMrWCO3IiemwZ63Web1jDToxHrJ+Os
nRaFeyuWf1sJz4JGg42C+ZDc1BwdarpRS3GKxVHOCeugV+vptZd1V6wsRwcc2wvg
Z62z57LuAaNAJKHO98rZMw/IMKjyLHTkwgLPKE0fjSVDyqi7qmRUKSIOVCCjI582
CQznHPaS0tA9EUPKK8Zy2YcRmj73VB919nnvxVDTzcD+Sv6wdP7JiMwTnS3J5hRB
A1IU/4BpYFyIMDmaUGOgAtcdA7JUfPpNn08ukA/YX/LiINdMqGbVYhu3DL2MVaa9
bf6pYxgVfpVGTrAZ1hQbZc9ffGk2NY/cRaXX2nQXoqRN3YaPd5joWZcDx1GEctiz
6VQ09TOMzDOjP4cKbFD8lYubmSGOJxXXJwcJJvFgKcZLCPGQi2GYjyq340lpY2Wb
ZNaqJoRg47agwZlq6uaMBSwFZlVDkOofIuFXa0Dh6j6/+1qqWSK+fgAi/WEmQ9aM
fEd7esVbUyP85tQsSVKlx+4x0CNzmO+AsQPKyz4bjxvvaN4IObk6EcvtSwK3BX/x
GvfZ1Bxk4LMRhaSmaCp3siThJooFvXx5IkIpMxoZ5SDgfq7tIz2SOMv28XCsY8TA
M7kWNLsfb2MQMMPGkwWBnE9FFVA9GDLelMYHX726dhp+O+pSlC37pQE8UmInF8O+
65cHd3i0S1gnubfVqFCPIj1/OzMoHxtxWyD2L8Iuxu3T+pA3ZyhUFCPpzFXmOD5A
HLYmwvJ1Cidlcasr0U98WIxI0D24AwMfIHC/XpnfeV7rTe+z1zIr5Hm1w6p+f2aL
msX5p7hk1dFSLUwJmfqymHJo6YMPCG369R7fDSPJgxDcPBkid68NB2T5nZA6uQUS
AiUi1xyEJxwwnzmZnomwUQIBPA2EsEqoRokT7OJwXX8EBb5rfkZm0uQ71/86mNwF
Ojbz3k5zIcu7XpXUtM63WSdWU9jkfQGktGQx18OmYx8rCN5jtn+10j5FwLH8sSkI
+B2EB1Hw/R1tG9rBm5ikch/Q2+dSWPxUIuI9OdNOSG7h7YAzPQXMINJrdqyUqv0l
QUMKbCIX6tXwAXsjk0cHhVDTrTwXI4m+qzAsz7uNsx7EeELPVk/Cv4uLZXkheInP
mySn3f1zLI15qfwc0bShQEC0m/KD1k7+5OqB66dRyc2MH7A6ca8oOiYu4EQSx1Be
gJSeiG04M80NV0ZRX2v5cT5k3pvkcS9eRS8af9epTIHjY0LTGzhNq7TemT3LxFeI
If2Q35gs5C9LpSAsZIi6D2BFX+G52FMtRN1xnxp+EiQJYIJ08y0tE7XpOK4wAJEU
LRQHtrsotT6Xjw0xXH2bHF/M/48bZM/uTRzgH+mLz4Fq9HPlToe8Xxh7NBtcT2Vl
BnTZ9bPcsxSvcAe8yZvn2j2T4Z4w6eFGO0sDOLw9To2q+z4mlan4ksINGmvXvlNn
hUEa3Wl8Z8kRN7a8zVuHd5dfdqp3uQdbh+mgBlGXqoqY6dy7jTRvPz0ruFmD7hoM
tJJHZYl3dKkHLLMJJJCbHWbIV7dvxlXg7DJd5uKfEsWLeFCPKsSjRj6HSkutbj6I
7M9bG8W3aKPZJ2qFLOXf3kaqoA/E7lZl37BLJ6y2vwyt2yCAcQjesaUMAvhBYF/0
HTYGxaFJU0M5UDQmHHxLjp9fVsw+gV287ihZ2KYy9BxdjWB39ptDulSclnyGGUEZ
7bZsgY9uZPERaDFYhrE20llJ0436zgvwVM3lHbNfe3YwSrMlm7ak2sQbGCkX3Kq/
Xt22kbAn+XZI39j5utdMl9nY3x97I5nX7KdMr71CJfL+H37IRU18wZT2oaMW1Q/q
jRrFkdl7i7QBuacEbZglnCOcmv4/AxEYszpDDfdGMn1qqbZvHEqdRL8850HlaM3P
wLQuwqNjYWeHLlMtLD/ul3CHLl27+7usmkvmKDoQUBEpuVz1V8hzSo+Irdl/SiNr
AuREE3qwNAa/glfewt3UZ6/gtVjDu4Td20PGPuBBoAzMBZk1gWPnNPh0JXwc6zID
oenjZJWgpAQAUlfGf9Hzps8BCgKvKmEA2g4UbmH7PfpiwGvNZ1rayJbh7Ci4+IfP
kjn20fnJt+T7r7ULsA493bZ89Lv0P7ATOJg3BhNOQXuFgrR6gNE3ZDkN1+F4af8V
zHwnrzsfmxb1kcUe9dLkjNqmcAfczi5ZJaO2bWTJPiarSPDz0+6VaccBKoCZO2Be
vURzKtSQG/zvJKhQCfIkkmTq+PcR6DbVTjg+Le3euPysHn5K5jzeC6ZOkjs0GQ3E
Wt3dntfPyH99q7j3hDwJh7B7IMffO/zinlqMjZwJ3S4J5gCdumT4gROA11r2TjUa
vwrcIiZPbta4MN86d2t4+t63sqyDpSEJrbyOpK46xgwXzTSpcMcpUmwi+I1EQEKg
xrFIjp5IXtKYrFNNDzw8tFcj2g4qPplJOya5/96etgQ8nXUS1ZBL95ATJd/Dg/0f
SOEnaWWcTocZgfh3o9gEYFezsvTj0gZskuWqy9+oyBBbOax+iUbNHIZlLybnGnU7
Clfahr11mo//3b0zl2Eo5iqifFlAIzXQ9v9dCFrbekMeSfB2xFIMCqiIXh2ZEDob
3qHeLhJ0vZuO+eTVsvIkxI4tOfdJcHX2h/RuIR+ZjOnQElyIKhw9AOjB/KNNS+/z
qtmo5De1ShN2xlIHQC3RhVC5gQzaGyRGBHqWfCJXtK81xMp4N2y0xaHWq9LNBGad
52K7wC5buOnftPpzxZOx1Cg5nSna3uj6siXY9u4MMZpCqJT97jRjdT0rq+CnT9w5
n1Y5dmQAHwob/dfdsMQLaRO9OKf3Dt7J6fN0bmqDq132J5YRmHAmZDk8DKoIg3Nw
9zw/cJFEOklkNvcWJGWvztUPPQqND5IqiVd9byGnxKaVm0L39JxO1ovqde50pLTA
yeAa0h0VW60sStQqHw0utjP4ZEPV87K5e9nXHgCwZquM1NvZr5U+G/OGqnWadm+U
qif01h+tmoDAITZJpTfmaFxXBPIEcTlS3mV1TvvlzF0s31f6u3wxFeDCaBElby+A
Tixi6+/jn8wuHyYznsJCyb5q0/yLBnGA8sYTNSYk5kkrblpEj1WluE0FRr7fmnPK
vtQsfzxVmBFFLTo1761DqqwoJCxvPeB376m4T9Q4iUIKzdFfG3bYmZ6yO1/pRx+B
m6ZAaWWHnQGSkOzTFADaLjPMiLd8li0EXrHWHyiPi9B7I4zqDi8zfkJEZWHvHp8P
169fdx1X62Cqxgw4AuzepwiQxwTWDiw2/FDUxRRQmhVTMv8FF3U56ZnxaYZKtkB/
Pio7pNJ5SS1axVrIKypTvkR+cyJKl7XcamHwVysyQZLE4f0UIr6UiShTEYW3d5/M
oPSMflGSTzmrV7PyESzstlMftTowdb5oce6G93S31xOyrT4Kc7M6hDgChDrZ1jM3
qkg1hmUq+TsmL+rK8qi/W053jJaH8e+3U5lSmxEybYs5aSqo8atSDxrMyPNutVZ2
cN9TAP1vxSowcPdyO8Nc/rKli2ux2NdYUUDxOCS9xL7Wb4g8v/QYdZqURb2YciSE
xG4YNEM0zb8NxMAPheMS2y6irJWCLA56p4BFTILKRbBwwNBi/Nm0AfAMPkvHz+Sr
3jprA/2npqGq2sunpJSISRW1Vdr+xQYl1CCIC1RwQQhNO+Q4Rjqd8iYX759Rj+9H
DpAB47qxU4tdZyxgcrliouvDCNXBnWk3e6a2fhLuB/+2gfx5dvyHQWyI06TTVNHD
j4/BcPfBDuAtaUl/idWW2GHT3L4OZloh/xm6bGMGtMKXRb1FISUsMbn3uQGUW6Fy
myLIqklv738Ok5K6/Q3rQ5QrQ+k9C/NQhw6aRI9GAjrN2Qqo4HqsCFVe+q2a1edc
xk8n7VBes97hOgQJuM24awuv/gP1ySpHmVXKrRyY/KLXMFdeNLoy3qEFkIC4kYik
vyyYDMATeCBuI1iOMoVI2NOnIUTFPbU/4Pd/1E/0PWvK2IR+stwPexLjgXNr5eH3
EYYcmpnlj8n5fscCMx0hdE4RMI4kfV5GgMe0z6oIY951GWGrx9Zk5nObgAsI0y8g
w0AYXdTvft/yY8OB36N+Yx4pbWAdRCppBmKvkB2G9FqrS+7ZVI+yYcbxZZCc5HqE
bOH9RReVB57OrhLUj84D5uHHwZopE2b2AouaA0UC2X9frvuvk10UmwuKtO2FM9Vd
at+nttw9nkQNcZIZPM+yhdez/aV5QQOF483cEZv4JGWklBMM89UJYrIH+DAuVUCW
Q4k2a2ye064L9oTQFi2HOXeYqtHajanxPVmk5WbaNBejYFZoPBacRph7J+L/B/Wi
zQzTL21cGLMK9G2THDlXBJuBT6bLKYv3gxQ7rym4vDOvSu58M57wVtFVV/Ko2jof
8LqNKi2sPQKIHB9I84StWopWhjKD/fzOabFI1u5pxN98QR6gnDS5dZmyLlD4uXAM
3gyX8iUSQ+1jqbkiU6Kg048A96u24rvDg/6WKxLatiFF7tn6PK0PN+18+AiXJHQB
6YTldH9p5JFWfZ5FRv/TX69ZjJfOrz/IWN0z7549p0RWhz7kUuEuO1gQwX+ghy/a
FAiFgYz1GR3UY8geojBqOV29jzrJ9BSOIXmsL1I2Q2D3AVEjSA8HMGFpKijNhVn/
FDTU9dtxS0EwTQ/yvxYGWEIDwIzC+gFdNyv3DidL34UPnVLeJjx51yEEy4n9mtql
O0RzY2TNTBxy654HgY0iVLaGLhU/2QLIupixjqdaVwTRQu7eoE08aE/J+STIFsGb
g3dkKwj7yIQLxVmnrKwVMQv0qxHVzS2fFgpcBC+4yrnbCH1JGhRtrZRWi6ONjZ4B
Us/oB04FgmCGzm+iutK5jXrTNBJm5PzMN/sCU+l/1Sy3gQpcI9PJtklU1NZC5v1n
1K+fCo1FH8m1aKjeAPfpDdXZwoBoz++H8ZdgjdUUAwwtPgqc1O+Xuu6B3OulKL8t
TAb5Uu/BAD1fkJPOs8Jdf4SnoWtVk9kmpPwWXGzau3ZlWIoHqsfnafiKXnOh+Q2w
3AAAZe+Mm8vsgX6zUiaWKvnUJjwH9UTkScC/PpgPZfgziyhXWKsz2eDrxDWol/+U
ckuSvDROJLHwCKcMsjZUBijWqajXEoUF4VnfeTSAoHOR0B+XcCKe4/0M8X+3AiCi
/ad0oS40Qnz86562x4grEgNgNlgrGyuYH3rS5RmIYjDir+cLwNPF+xMDHewDVccS
3rdqswox0TCdDwDKZOprZAJNjhop/93ZzM4M88f20nCscrw0Si7YtWQ7ytpKEXo4
ZG9y3xaTeTw1l0K0M8ogMyYRHsABOmaGhcKoP5t6HfKbWY2W7lFzjY9oBXq4Gk3X
9XTZmazBw33BhkMnFkILaCoSEfChQGDpzRSh7VdfDtude/VpL+C9OOLX7aZDfsst
F6TrR2kEkA4qRdnLylF8iKFKI2p/9VtdaJYdSOkcaalknJaB9jurQmlQwvnkfInB
2eJLguk0R193c3HsyCmskMCP28M4Sw8TqAgdy94sEq7BXLKqQssMDOngUsQq6ZnX
hmtaXEw2mXz3yfX+QAFM9NGtuEHh50BuLj+rbKVuNX3iSD/urr/M2lcyMZmX2AW0
yrVX1JXs7xkYJeSrKmMZUPyw3AzP2+KVb2LIF0COIvfGM/vVW4Pv5vBXhXDaM2MF
xd9sUypvkm5H7QUKj9+stLOqS+YwMB1OKnhJV8GFmkbWGmnWtPhJ+zmLgfAAIzTm
V+5JCRheezXx4W9m53hO86eOOCFBVQuLyGdb9l4WDLvqGdQ/enIbTDI/GFqziOqe
kSjcP6v6TMl7zAV5N5499WIapWS5/yp/sgrLqMT7Rv3GJu5qyMRtgZI2oHW22dEq
mt2u2atpKQxbfVNI+5zU+dc7PIxbNt7CiZCvr/dA49xnSH5xAcPkLNLeelAe9+F6
OYuDWY3k0qjsFtbli8NZSuBriynrBOtW+3qhx1k96ffSxoyp8XSWwhPi2SzTy5B1
PGsRY/2bjJod8vPaIVwuEAZzrx5wkgkBj5GK/GaMItHqbRQ2rnDiSR/UfrXrRWLg
JAsbrlnwJ5BznmUo8NxWoXdzGA2fQCfdW/9a5P9LSkfl9Lms9PwSG+2w/qGwkQd2
xbO/oumL14dbYlYxGVaKDGvrfsM4HJJqj85WR6BhUtwjPVjJeCqV/eyl0yHqy2r7
EEaRU8HtXFYxLH4BX4EgkebEe7rwOGDtOryC4kpPml6uR38LrWj9J/3zI4OuVXjy
a5r/usI8NglT6yIA/pup1KV90M2Th4l8px51bSK+adhiS4ZjXluYxCOH/jkt3cIC
C4Ghytr5YPZnEiK+DDPdGdzGOOQ4ZE08U7ZeK03ijECIvwFJfm/RpSjTuKOkLG1U
sUuTMLzUQwPKhKkpRnvlhSsZWAzkQnkIr2yHE8Pfj4r+CmGBep5+y/Va2NLyYQ8a
Syq7GQ0dd090mDRRLu0ZexztPQVRkbuCwcFQYex9u/AnL1MsFWUjf00GZ19dpXjO
LQxTHF6vuu9GrKf6U02XVzDJKuzx84EK8ZqgMfcKcWQvZxKk81PJQU362kJDIzhQ
idJMEt7rp3YuHZq7w8mMszCXVyLu26eDlE79npXouEiJVmoGyJkG82P+aP/A1ePw
Fk5kca0Xjdiz/zOpJ3nVeEt22eVWMSiI84J/XvMM/l9YeYaYwuPEqsfBymR0OXJg
KtMYpLTFjSI87cL4fEku1NhYrquF34pI9c369X2u5VTanJ5bU4BD4xrkliLa7Rds
1E9EnOMeyGc5JnNeEwJI5H6Nshs9qixd25YROesNnkcClB0YHHp5LrwaOsXSaWIQ
qdfmoUqpuRhz1Zb/UrMgNSU/NI+cYaav4b+nNdTTqVtSuNaMuCJuqzoHvptZG0Dj
RBLvrg+v8lXMkrtZ7BUiGGOn9GiDG1RVQUdb9j0KfiyE3RvkMgtIt8j6rL1HAdp4
x+ePswzBuf8zBzLeAlQg9yltTgy6HNjb1tgdSDBHNHGRp4gYdAHBgd33W0Mwz7uX
ST3l7Er8ZaHoAidlB0MBEJak6A70vQlWBwS/La5Pvy7r6A/aPVUlINv0CYQJ3VEj
dZYZVIOdsyPwCPUheeZWvY7M7o3CpbMWknRkNKCkasm9qVAZBH97fbzOBLiCRs8b
JogKpJVNTV7B0qTYr4WW5bwtEXKcDDngL7Yge15qUWqjdA5Wz9u/ffxJIcQmWYEY
BSfGxtWiuX9gPSXIf2J2cMjbd7J/2H2IwDGJtvnxQEYmO7MS4+ailQJWMz8MlJp6
NgwDyjxeeW6qtCvY0Qi+ZO0mDVYVmm3kna1H/audAkY7/JlpJRhf5F79WsvBgFuQ
X/RlZ5CuOyqPFTDi7VhlZwO71URo/F4y3+bCWftQ7EitHVi/kswHBeJwKh0fmhQS
Qj33Aw34ycSfNDjsbVxuK5YPkMx4t0SsuK8G70YoFKscbBoKDst2XPwlWzBmB+U/
zYfS1hg6muAovIlsfXh7bRLVdNX+1Ri0+SEkvxJ0rtUrY1UZyDtIrGI5gWwq560T
ATFB/5UbH9YUJ1+POC/dCLEAKgHVQzcCHHwRfGrOWoql1MVrBt/KXVxhk7ZRy3N+
KB+RM9HZNf3VTWAelInki/j4fuDk1ujaeTIzSn7y+RR4ybmlbcZ0DVam/E2hFBi1
e/83WoTxproD7nyU0aO/9fO6KLdIOatVEra/3FiH8pqGYZPS3lVGPFTCUebQ63p8
BH5Fkui8JkNksWso4G4dr8xAVLtmMGDo7Cn6bq+sYn9zBr9zGp6KEKVgnxBdXCK7
XIOT3EthZuSkeuAsnKg8sTmbCSYPQS4YXuhlAjxX2Li747wSjQKiGv7pWnz3LBfK
p4jvXaJjrQc02dWyEa5XqRhS9VyteFI+HtDXP3h3FarqYPlBNFINcV//+q8eM/Ig
mYxY1AEx36BVQvUSAKhoO7LsUsVdbRuu8ZkjNNq7HKcGmD/tVoPmUm4+uKqbJBis
w90/24Cw+sCwJgxYZnkjShCas9Gt5arUqaKr0eQYZfjbPehqF2E1ORoxJ68xDjaD
u/IAgej+EYEWIuThQo8n/qWv8HsyWI24K58Ltyw6EgfK+WC8l0wKUUBGYMgdmZa1
aRfqvg5PRWPdMC1mKK/ba6B1KCEVKn2/qR5XVd2ZEmo1aKZjk+GAodjPcdRsRgeg
3X5TbiiVWBrIsHyOYAY8IdUb3x6X9PI5zYzGwmeW+8UTnC49IdHeevZALWjhoYe6
pqkpjUZpObe+ygYPC4q+6rQVwSpNeFyG1QbFNY2BPZccFWFSR8pw5mihDqYq4RNL
hc1IYXGpFNkweM5exuAiU4a/+ZlBgOZZv3V1ftFniAEMYWJqCt7y0mX2Z3r2UH1w
TNKbeHT/7IEHUf+kpkJAjXJGr1dOQyqthCCPPHE6y+HUUyksovVn9VgjP6TGIxT7
mHYbIca3Q7JxKvY55MtRrlKFp6Sh/Ny2U0YERhUzYI8De/N7mYVYUedKM+8rlvmN
yFOOq3m+IjAqY6tytqmN7oqQPFI8y92kZYQZLKyWBAXeLzdlwA2I5z0EefvkqyGc
7qOWUm7XQwYW4IPA/K1g079g97ca/s7tKsgvL8JV045jkdJcmDJaVlV6SmqFmhHk
lULh7RuTOIL8KmplTYZjVOsa1rXiWy2Aaily+Pok+GqRu93TubAgy4j5XctCjJFN
+/5t82+hDvQuruRdZ07CskiTU7WCWpfP6b++acRnTw8SGR4oZNZmfbmK5p1PraVc
cM9re4Fc1V5SS5Gi9ivG9749X0cQa/lAPz6iT/XNygQytAp3AdEyDND481gRtrCm
ceSBfKx3ciyzDHPi1EJgKhBmV8nodvCyoEFBsexyu04iAsAByJTXRyNlN4RqKVmj
pm5heWeiTxxc62O0uPUQE+59Baz4KAH1ihsZ+K7c5OKw8bWtdTgF2TPVpNo1wKTY
TWTLi7hpT3/eiAPQTMxWK+Oo3fnr0Q+1bmIL5l4/D/PBoCfhaX0sCcjpoOvD+W2t
Of7HNgvWmjvA6Xd7AihRrWVRt5vO517TUNx7D8V/F4Jl71ekxJNcj0njlIkMET02
NgfHvQKaej9RiBjyLU7SMl6KjOWpSIhbhure7Ubd0GJkOUghKEVCb9Hp04e91Tm0
DnGzqy+jMQWWzMXYtTBPZIEq6IJ42umHhBNIiRvsaBm/1KEaYv0qTqwLj6TrMm/7
dkpqAK47DLm1m9Jedfc1bAOCol/6n4pWa/2VX7ny55oXyl7rlNzgSIpKboxQmTKl
oLvnNvb5HRraNOSZQfYR55LNf8TJlHeWAdAEN2TBMVkEV1iUyBoCgyF2zIQSGqj9
R24B5plji/r3EK2hpQLZN2OZywOZtELSmjNib5i/YsG794CS/0wIba07qjJ3xk7V
/XQQZH1YFKlhSWpMLaXnCBy6IRgJ+ZKI1QHP2RW6Eka6xfK2L0tO3zeiUbToimti
4qtrkZPs2atwM/j2Zmtfoqk9o0TrTtVZv25Klw9cELQNN/+cTSrRbjlpDybAk3Qq
SoarbRkFxn5twC2UrNgUsY4QJOIlO51lhuKOTyCjphDjOjU+bZkIBaUwBXerG0Ky
iKZHhO1G86+TvGEHQ4hC59IWZi5ntaSSukb3Cb28+cUmEeH2XWi3v5nwB8nv0J96
GFcAPD9HTfupuvmBB8fmy8Pc9/A2JZiExUai6hB/8wtlIlKEXXwDpy65Uj0Vzr8C
y1XJNBFzoYVIBUhDrZOSNHaCyw7t3gmSzm0Fg966HOTe8+WEgYRIY4gvNFo5pxDm
VlhdYWoBvghiSQVkWUIh+t9Xv3YjO3gOuIGu0ml4xrU5yPtDNFIxOrF3l5MpVaD6
ThEhFIXkzFT+x8k6fhr0vSMZnULx0TWx6sYfotIIozjw5uv3Q9cSS3U7wS7Vxbek
urvyTL419/Qx31WvHEfaT+IlEdJZtsA4v7uMxeaNYPsz/G8mVoBrhV7/J9UsfifJ
Ing2NgLMYpQuGBF8wcaIakTRWg50BeL9TFJapbGmvYmaSGnEBmcsFlWLNUYrtX5D
UU/7BM4pO/mVCMhhx2aiuFYyFDrseJwKhj203VrNKmlCcotDoiLOMezNqImu9Vt+
mTFj5Td584JrUFn/Mprfh1WbMjapMuVGa6tz/dByoIK8zm1c/k9frOC18ZruyAYR
NFd/Vb+sAWLSezIk2UhqQRkKuJCI/d5Tk471tTc3NFulOnNuFWIxHxmg2QY4a58a
XVHkOGECMBmwIwwJgJcWYYJfH0hwbKJegOqqHHGTNDYsGSufk0a7T7S0TOD/jzlw
6O6pwpDK+ONlpRKuyzuIsg1rkoRb+q/grTcpH5t4mOJLgiuZtzBEDZHajg95VsUa
Wbf0v6NDJT+201A4OsHvM9OvTd8fQHiOEj5SaFgqf/PRS36RJFwTAFxZER/hqmg8
Nh9Qc0WYFA+IB6XQvWkR8P9Gq+qonAQ9+llpEZPI/fG8IdR+g4XobBhHcXlgEJpu
fwiNQVRckFGmcE82+3zl32ZtCyVPL1eq60gdQwN6McjpBo46YpLj4PLGNAcSJ2R4
kQ7+DyvCt0K3IHO693/B8OVFG7jp1u3mJUkZXBG/GlMD5cgTILz8aqZk0ZzYFHoy
K0RJ0BNir6WVZrYiitXOjbzNPEu/CZhG2QjWkiNUT3Ui/qL5VLMpTLnPXbEUM/V1
R2PQty1ryNQca0ZyvWpLVspfYgCq0t3sAWhoUZgzL1FG7m0etqmy4Li7Ejy2ERSO
vqxMf+P1tOZk0EfSo8fyD2z5ZBuJXXYLHkS68sNO3K8EW349+lhsqG4jYQHnRfkg
rJJwJo4FXa0Z4MIWpZ1W3eTkMTA0dsLsfp4WVO/A9i/4W14gVBf+GAJQTAzLw86I
QEjqANcD+E0VOPyt+AANeDygk9d59cbtFHhXakbyKkujq+u2ri0koq+sgZNElUJV
yGnDQq2qGeJ6q+wfU+csItRGn1Lkxp1b4u9vpNMr/6Ts10jwdmCE9Xk8eu6Rc/aT
cxFZuiRLfqYmJ8Pdz/ArO8/qqGy7GECq5125aj3ZlxSwKw1aS/rVojAjDEc5+X82
c4mnXpNjTBuQTNaDsXKmogH5+8W4P9u1Kml0efW5yziiH2FQQYUDEcseJAQzgDXP
0+5LKE//GCHnGtWHdjGX+VI6ryrTyZy9HbM9/NQtTE2sGFN6Wobq3jmmaeaZYQiZ
o4POePwiV2blGX3/6BPvVIxtZ5OvlxKGi696Nnq+BVDQjpO+CH6yNecpW2W6G5HC
RbGcvWq8v+3Qc1pZVCZlz11dZ+6zd6UHl8ma0tfcK3fglEdlG1S+0iLiXPPBAwNl
GxIhnxIu0onT4x5VQvmKJu7hgJ5BZjLCZxu3v5+mb4jXM7XGODkoYb2SVOz9hCne
fCvVy1HHOSHErHUbxt6gs7eZBNGCceGZBc7cPtj90WmRj2YJgo0rCyU0EahMmO0O
Qm85bn0yddwgjvbFmUKvmeXYZiWqVemxTNh6Ac4/9m8G+28ezYZlG3lbRH6BQwl0
J7WUsGoc4y83YcDeXzvh+qn2T9D5gesnjSZ5kJvK5pZjSsXoAgpZ8QzRbUonGLnW
969Xq/8Q/53pJ0g+ivIc7VvAlFX9bN4fTFBtnusYNFLzq4wuURaHiNmPC3zKHhak
fiqcHTqlgs8wgZcCA3+EAI8wo0bLVd7kKXJhjllkt0f485dh/ne7EA2m4b5p6RhP
bTZ361jH7Qe6yHzMOohfR93u6RL14ic7d/T2MuKFJfJsFJnGpNyI5vjomWHthCmb
7kp7nEjMe8atqiG3CkThlRQv2OiRW3hFMXLU9A5ZvZNjMiH8StDDTeudS5D71XKB
t13UMv91TpevsCBJastNY2w5p2Pj00pwNVr5Gm/FpNVUgLfXXI/WFgcfRPYiFiL3
Q172w4yZENxf8q0A6JKBFJL5GglsEMsgrVMqlbQCSddc6emjHV1rDVKI+vUbNazS
emY+TVKHG1o/Likh085IsrtpwWe2nFf558dZtJw2UEK1tZNW6ijA4++tHZf7f+pG
yyqbWm4bjE4UVOPCsXpLaVLer9nWf8GKONFBMulxHJciOyc6dYQ5zEs4hSmU30tH
Od+BFB7F1LFTB2wpDIx0FE2K7FiCc56MUapb8glnjsDVZ5qqRQsPk5UeDiwtOSms
VMWXvLfQFSIjraPfJ+qcqavMbQnB/A3XAD1q65varHBUUgOKw7Qk217pR/pQs+/I
97x37A6bUK+4NRVQNCjZRU0+tBL7Yo2hc7kQn9VhyallNnBt+yw0BJcWp4aA73Dn
NNxyfJ63pAmkrxA25z250mBAssD9K0iKaNUoyG6ENBryqUwX2IFnBqHQUE6HoVV9
3eS96kSy2f+1pAMMoa12Tmhfw/YGIYZvIdNAgUYo4D9s6lJ9aXSD2IwAyjfCaZm4
64PNYUzXPyMGtoLOK2Z9JSy1sl9d4JmRrOE5J6N/7pTIbYJJQdYFJTkXKLzu0bJ1
FVLGy/BQkRd5cnaPZbv8k5+3klwCYJMMO4+7loGiedShQNvpwsRxDofKRLXl8VJl
mpaykBJ97fL+bhtCRDD//LBV1bY53DL80M8W5sX977u+JizgYkn1+rXbx26xCoj5
2yQRIH/sibMe7I638SYH/876yGqYK3KSYxU6P3znIvO2w8B8AJmi5fwGg0GhPG0o
69NQz2YpvGZbGwGk2WKuDstLNmfJRS6ehVidPL4LvProc5I2oy/i9qt8bAxOn+9R
8AMc3/o+D+H2RUQevaHp0DIXBfnh8ZMT+p6/eh227vTcywA/HCL6R3HAvitm0HhZ
0mzkQW83pnALvWKvnY/ZuDI6uB+RqXAFflSRHVs90LbkM8llCqFUq2rgYqIE72WC
ZSV+Tu9bZx1adSf2feZgs6kgUORcLudyoI0iHJwe8w1GER35VvGaN7lWWRGwthDJ
2K/m3IaNBGl1zYLQmtCG3UmVONOD06d1iuv83iGU7MIROl5HiHUISJaylsWDEMX7
eIXjOHFLhzCGfcciCNHDdKunp/6KlUnHsj2FzuKPheuZ40yhD8qtP6w1K/pzu1lP
nXMAuI8SruZLk/UIstfm07dpG8rmbkLNKyIiJ8vmIz51KNlAjTjNIoDlWk5GktPw
nOJ9AJJYchQ5LvEbvIshD4PyR+YvaCAdUBAfzQpdKax0lwjh3OfhtnIkpN1qR1Tn
+IoKEC35UTl5TKHp/rvjQ03N3ng8m6g6ZJQqfoPqTqF5GsVPyqZ9sddfUEMnie1w
Vdu1tPHYMghbGXkOo1jVawJco6TUB+ysdhKb4wZ1HGt8taWrfdZy/a5JoH3dYs3y
KUrdSxPrYckEh1mRd+Q0EtWxtCiZgRuqdw4I9O/TYWhL/t3mAzlb1Xacu5AXPLEE
kyTDn4TpT+z13fU3ayJuQ1tZxbR0SN0DuV8j+4NQ4+T5vtm7gtb3Z7oJn65+lWBY
+o0hhDjyVssBg4Y0oga84FGpy50z/w/eQUnPdDiGDr7IV2X05BfrsfOJFhjuQHUY
xX8X7IHfrUDE/z5AI0lCbtegHH7n7G47Dbz1hTmlF3cVK4Uv5tDszoIM8WSjp7x2
wcUmfdgsmDbTyGh2CDy6zRQ42nhJWcSv5vW8K6ZcK/l4xdyRP+YpIsP2fA/7wlmW
Ykpv6Q/3NhtyrZCXMWCXjLI5BdYDa5rstE+Pc/wsjGdjf4indaInulCmVSkdCQK8
WxCgDVO0f3sqj7np4MYlhdQVb5c4gzhlzL1GqBUlDMPD22Q7hHCoQX7dRY7h10t7
NUYIpYVm8UfKa8pNREwFlz8RmoXpehR0aDg0jumSR3O2mOryHxpwntCEkYFtGCxH
oWospK5HxH+bs4jY+uTiewSCFi3hQh/dx2RSsOlc0CgBB0R5DUnDYi+YI+VsjfAO
AqVlHBaBTwbsJfzo0vMwEhSvSJZMz4guhzjltuo1/pGswitMuQQ0H8IOe19HXyiu
vu7WDsZXN7jMqQ8Pr2UvJG3eUFwmjWTWEE/ShCu9th/VxAUf5pL3GCINTXQugMc5
TY4FCmEH6nIgiICQ9mPEjl9zKZ9DHQxAyFQUkXoGfLQOJ0YzcqBFt9A1m+gqMHS5
XJunk32Mzbl0zo/vIir3tkSWBiJY8bcdeMuwFWGiJlLom+ECsuySWZAu5lpXn2CL
KGo+GA6t/GYha95d
=Zsde
-----END PGP MESSAGE-----
