VC:2f90039 BD:Oct  1 2014 SN:LGR-15-0016
                     Time,      [CH4]_ppm,   [CH4]_ppm_sd,     [CH4L]_ppm,  [CH4L]_ppm_sd,     [CH4H]_ppm,  [CH4H]_ppm_sd,      [H2O]_ppm,   [H2O]_ppm_sd,      [CO2]_ppm,   [CO2]_ppm_sd,     [CH4]d_ppm,  [CH4]d_ppm_sd,     [CO2]d_ppm,  [CO2]d_ppm_sd,      GasP_torr,   GasP_torr_sd,         GasT_C,      GasT_C_sd,         AmbT_C,      AmbT_C_sd,         RD0_us,      RD0_us_sd,         RD1_us,      RD1_us_sd,       Fit_Flag,      MIU_VALVE,       MIU_DESC
  09/05/2018 11:23:40.776,    2.40676e+00,    0.00000e+00,    2.40676e+00,    0.00000e+00,   -1.00000e-02,    0.00000e+00,    2.58390e+04,    0.00000e+00,    4.06112e+02,    0.00000e+00,    2.47059e+00,    0.00000e+00,    4.16884e+02,    0.00000e+00,    1.39987e+02,    0.00000e+00,    3.18657e+01,    0.00000e+00,    3.66982e+01,    0.00000e+00,    9.02465e+00,    0.00000e+00,    9.04458e+00,    0.00000e+00,              3,              0,       1 meters
  09/05/2018 11:23:41.753,    2.40709e+00,    0.00000e+00,    2.40709e+00,    0.00000e+00,   -1.00000e-02,    0.00000e+00,    2.58256e+04,    0.00000e+00,    4.05769e+02,    0.00000e+00,    2.47090e+00,    0.00000e+00,    4.16526e+02,    0.00000e+00,    1.39999e+02,    0.00000e+00,    3.18670e+01,    0.00000e+00,    3.66978e+01,    0.00000e+00,    9.02156e+00,    0.00000e+00,    9.04673e+00,    0.00000e+00,              3,              0,       1 meters
  09/05/2018 11:23:42.731,    2.40456e+00,    0.00000e+00,    2.40456e+00,    0.00000e+00,   -1.00000e-02,    0.00000e+00,    2.58862e+04,    0.00000e+00,    4.05905e+02,    0.00000e+00,    2.46846e+00,    0.00000e+00,    4.16692e+02,    0.00000e+00,    1.39995e+02,    0.00000e+00,    3.18690e+01,    0.00000e+00,    3.67044e+01,    0.00000e+00,    9.02220e+00,    0.00000e+00,    9.05042e+00,    0.00000e+00,              3,              0,       1 meters
  09/05/2018 11:23:43.709,    2.40092e+00,    0.00000e+00,    2.40092e+00,    0.00000e+00,   -1.00000e-02,    0.00000e+00,    2.58526e+04,    0.00000e+00,    4.05852e+02,    0.00000e+00,    2.46464e+00,    0.00000e+00,    4.16623e+02,    0.00000e+00,    1.40009e+02,    0.00000e+00,    3.18715e+01,    0.00000e+00,    3.67070e+01,    0.00000e+00,    9.02689e+00,    0.00000e+00,    9.04981e+00,    0.00000e+00,              3,              0,       1 meters
  09/05/2018 11:23:44.684,    2.39971e+00,    0.00000e+00,    2.39971e+00,    0.00000e+00,   -1.00000e-02,    0.00000e+00,    2.57961e+04,    0.00000e+00,    4.05773e+02,    0.00000e+00,    2.46325e+00,    0.00000e+00,    4.16518e+02,    0.00000e+00,    1.39998e+02,    0.00000e+00,    3.18720e+01,    0.00000e+00,    3.67104e+01,    0.00000e+00,    9.02201e+00,    0.00000e+00,    9.05281e+00,    0.00000e+00,              3,              0,       1 meters
  09/05/2018 11:23:45.661,    2.39710e+00,    0.00000e+00,    2.39710e+00,    0.00000e+00,   -1.00000e-02,    0.00000e+00,    2.58208e+04,    0.00000e+00,    4.06145e+02,    0.00000e+00,    2.46063e+00,    0.00000e+00,    4.16910e+02,    0.00000e+00,    1.39987e+02,    0.00000e+00,    3.18736e+01,    0.00000e+00,    3.67132e+01,    0.00000e+00,    9.02250e+00,    0.00000e+00,    9.04992e+00,    0.00000e+00,              3,              0,       1 meters
  09/05/2018 11:23:46.639,    2.39255e+00,    0.00000e+00,    2.39255e+00,    0.00000e+00,   -1.00000e-02,    0.00000e+00,    2.57938e+04,    0.00000e+00,    4.06213e+02,    0.00000e+00,    2.45590e+00,    0.00000e+00,    4.16968e+02,    0.00000e+00,    1.40010e+02,    0.00000e+00,    3.18752e+01,    0.00000e+00,    3.67150e+01,    0.00000e+00,    9.02122e+00,    0.00000e+00,    9.04459e+00,    0.00000e+00,              3,              0,       1 meters
  09/05/2018 11:23:47.615,    2.38322e+00,    0.00000e+00,    2.38322e+00,    0.00000e+00,   -1.00000e-02,    0.00000e+00,    2.57678e+04,    0.00000e+00,    4.05497e+02,    0.00000e+00,    2.44626e+00,    0.00000e+00,    4.16222e+02,    0.00000e+00,    1.40004e+02,    0.00000e+00,    3.18767e+01,    0.00000e+00,    3.67176e+01,    0.00000e+00,    9.02805e+00,    0.00000e+00,    9.04776e+00,    0.00000e+00,              3,              0,       1 meters
  09/05/2018 11:23:48.591,    2.37599e+00,    0.00000e+00,    2.37599e+00,    0.00000e+00,   -1.00000e-02,    0.00000e+00,    2.57270e+04,    0.00000e+00,    4.06058e+02,    0.00000e+00,    2.43873e+00,    0.00000e+00,    4.16781e+02,    0.00000e+00,    1.39987e+02,    0.00000e+00,    3.18784e+01,    0.00000e+00,    3.67224e+01,    0.00000e+00,    9.02931e+00,    0.00000e+00,    9.04736e+00,    0.00000e+00,              3,              0,       1 meters
  09/05/2018 11:23:49.568,    2.37111e+00,    0.00000e+00,    2.37111e+00,    0.00000e+00,   -1.00000e-02,    0.00000e+00,    2.57424e+04,    0.00000e+00,    4.05961e+02,    0.00000e+00,    2.43376e+00,    0.00000e+00,    4.16688e+02,    0.00000e+00,    1.40006e+02,    0.00000e+00,    3.18806e+01,    0.00000e+00,    3.67261e+01,    0.00000e+00,    9.02671e+00,    0.00000e+00,    9.04711e+00,    0.00000e+00,              3,              0,       1 meters
  09/05/2018 11:23:50.545,    2.36427e+00,    0.00000e+00,    2.36427e+00,    0.00000e+00,   -1.00000e-02,    0.00000e+00,    2.56989e+04,    0.00000e+00,    4.06158e+02,    0.00000e+00,    2.42663e+00,    0.00000e+00,    4.16872e+02,    0.00000e+00,    1.39981e+02,    0.00000e+00,    3.18810e+01,    0.00000e+00,    3.67321e+01,    0.00000e+00,    9.02819e+00,    0.00000e+00,    9.04593e+00,    0.00000e+00,              3,              0,       1 meters
  09/05/2018 11:23:51.522,    2.36076e+00,    0.00000e+00,    2.36076e+00,    0.00000e+00,   -1.00000e-02,    0.00000e+00,    2.56904e+04,    0.00000e+00,    4.06211e+02,    0.00000e+00,    2.42301e+00,    0.00000e+00,    4.16922e+02,    0.00000e+00,    1.39986e+02,    0.00000e+00,    3.18850e+01,    0.00000e+00,    3.67332e+01,    0.00000e+00,    9.02386e+00,    0.00000e+00,    9.04578e+00,    0.00000e+00,              3,              0,       1 meters
  09/05/2018 11:23:52.499,    2.35604e+00,    0.00000e+00,    2.35604e+00,    0.00000e+00,   -1.00000e-02,    0.00000e+00,    2.56973e+04,    0.00000e+00,    4.06022e+02,    0.00000e+00,    2.41818e+00,    0.00000e+00,    4.16731e+02,    0.00000e+00,    1.40001e+02,    0.00000e+00,    3.18848e+01,    0.00000e+00,    3.67350e+01,    0.00000e+00,    9.02511e+00,    0.00000e+00,    9.04832e+00,    0.00000e+00,              3,              0,       1 meters
  09/05/2018 11:23:53.476,    2.35188e+00,    0.00000e+00,    2.35188e+00,    0.00000e+00,   -1.00000e-02,    0.00000e+00,    2.57127e+04,    0.00000e+00,    4.06313e+02,    0.00000e+00,    2.41395e+00,    0.00000e+00,    4.17036e+02,    0.00000e+00,    1.39985e+02,    0.00000e+00,    3.18868e+01,    0.00000e+00,    3.67419e+01,    0.00000e+00,    9.02273e+00,    0.00000e+00,    9.04710e+00,    0.00000e+00,              3,              0,       1 meters
  09/05/2018 11:23:54.453,    2.34883e+00,    0.00000e+00,    2.34883e+00,    0.00000e+00,   -1.00000e-02,    0.00000e+00,    2.57142e+04,    0.00000e+00,    4.05963e+02,    0.00000e+00,    2.41082e+00,    0.00000e+00,    4.16677e+02,    0.00000e+00,    1.39990e+02,    0.00000e+00,    3.18883e+01,    0.00000e+00,    3.67457e+01,    0.00000e+00,    9.02163e+00,    0.00000e+00,    9.05256e+00,    0.00000e+00,              3,              0,       1 meters
  09/05/2018 11:23:55.430,    2.34494e+00,    0.00000e+00,    2.34494e+00,    0.00000e+00,   -1.00000e-02,    0.00000e+00,    2.56809e+04,    0.00000e+00,    4.05944e+02,    0.00000e+00,    2.40675e+00,    0.00000e+00,    4.16644e+02,    0.00000e+00,    1.39986e+02,    0.00000e+00,    3.18899e+01,    0.00000e+00,    3.67488e+01,    0.00000e+00,    9.02492e+00,    0.00000e+00,    9.04578e+00,    0.00000e+00,              3,              0,       1 meters
  09/05/2018 11:23:56.407,    2.34401e+00,    0.00000e+00,    2.34401e+00,    0.00000e+00,   -1.00000e-02,    0.00000e+00,    2.56930e+04,    0.00000e+00,    4.06079e+02,    0.00000e+00,    2.40583e+00,    0.00000e+00,    4.16788e+02,    0.00000e+00,    1.39980e+02,    0.00000e+00,    3.18918e+01,    0.00000e+00,    3.67547e+01,    0.00000e+00,    9.02598e+00,    0.00000e+00,    9.05092e+00,    0.00000e+00,              3,              0,       1 meters
  09/05/2018 11:23:57.383,    2.34364e+00,    0.00000e+00,    2.34364e+00,    0.00000e+00,   -1.00000e-02,    0.00000e+00,    2.57000e+04,    0.00000e+00,    4.05966e+02,    0.00000e+00,    2.40546e+00,    0.00000e+00,    4.16674e+02,    0.00000e+00,    1.39991e+02,    0.00000e+00,    3.18929e+01,    0.00000e+00,    3.67562e+01,    0.00000e+00,    9.02529e+00,    0.00000e+00,    9.04966e+00,    0.00000e+00,              3,              0,       1 meters
  09/05/2018 11:23:58.360,    2.34495e+00,    0.00000e+00,    2.34495e+00,    0.00000e+00,   -1.00000e-02,    0.00000e+00,    2.57107e+04,    0.00000e+00,    4.05729e+02,    0.00000e+00,    2.40683e+00,    0.00000e+00,    4.16436e+02,    0.00000e+00,    1.39973e+02,    0.00000e+00,    3.18945e+01,    0.00000e+00,    3.67576e+01,    0.00000e+00,    9.02488e+00,    0.00000e+00,    9.05580e+00,    0.00000e+00,              3,              0,       1 meters
  09/05/2018 11:23:59.337,    2.34860e+00,    0.00000e+00,    2.34860e+00,    0.00000e+00,   -1.00000e-02,    0.00000e+00,    2.56792e+04,    0.00000e+00,    4.05880e+02,    0.00000e+00,    2.41049e+00,    0.00000e+00,    4.16577e+02,    0.00000e+00,    1.39984e+02,    0.00000e+00,    3.18960e+01,    0.00000e+00,    3.67613e+01,    0.00000e+00,    9.02638e+00,    0.00000e+00,    9.05150e+00,    0.00000e+00,              3,              0,       1 meters
  09/05/2018 11:24:00.314,    2.35207e+00,    0.00000e+00,    2.35207e+00,    0.00000e+00,   -1.00000e-02,    0.00000e+00,    2.57200e+04,    0.00000e+00,    4.05870e+02,    0.00000e+00,    2.41416e+00,    0.00000e+00,    4.16585e+02,    0.00000e+00,    1.39987e+02,    0.00000e+00,    3.18962e+01,    0.00000e+00,    3.67645e+01,    0.00000e+00,    9.02516e+00,    0.00000e+00,    9.04963e+00,    0.00000e+00,              3,              0,       1 meters
  09/05/2018 11:24:01.292,    2.35788e+00,    0.00000e+00,    2.35788e+00,    0.00000e+00,   -1.00000e-02,    0.00000e+00,    2.57520e+04,    0.00000e+00,    4.05446e+02,    0.00000e+00,    2.42020e+00,    0.00000e+00,    4.16163e+02,    0.00000e+00,    1.39969e+02,    0.00000e+00,    3.18983e+01,    0.00000e+00,    3.67717e+01,    0.00000e+00,    9.02404e+00,    0.00000e+00,    9.05887e+00,    0.00000e+00,              3,              0,       1 meters
  09/05/2018 11:24:02.268,    2.35968e+00,    0.00000e+00,    2.35968e+00,    0.00000e+00,   -1.00000e-02,    0.00000e+00,    2.56931e+04,    0.00000e+00,    4.06092e+02,    0.00000e+00,    2.42191e+00,    0.00000e+00,    4.16801e+02,    0.00000e+00,    1.39983e+02,    0.00000e+00,    3.19007e+01,    0.00000e+00,    3.67760e+01,    0.00000e+00,    9.02980e+00,    0.00000e+00,    9.05228e+00,    0.00000e+00,              3,              0,       1 meters
  09/05/2018 11:24:03.245,    2.36441e+00,    0.00000e+00,    2.36441e+00,    0.00000e+00,   -1.00000e-02,    0.00000e+00,    2.56804e+04,    0.00000e+00,    4.05362e+02,    0.00000e+00,    2.42673e+00,    0.00000e+00,    4.16046e+02,    0.00000e+00,    1.39983e+02,    0.00000e+00,    3.19019e+01,    0.00000e+00,    3.67776e+01,    0.00000e+00,    9.02461e+00,    0.00000e+00,    9.05684e+00,    0.00000e+00,              3,              0,       1 meters
  09/05/2018 11:24:04.221,    2.36621e+00,    0.00000e+00,    2.36621e+00,    0.00000e+00,   -1.00000e-02,    0.00000e+00,    2.57264e+04,    0.00000e+00,    4.05825e+02,    0.00000e+00,    2.42869e+00,    0.00000e+00,    4.16541e+02,    0.00000e+00,    1.39965e+02,    0.00000e+00,    3.19040e+01,    0.00000e+00,    3.67887e+01,    0.00000e+00,    9.02874e+00,    0.00000e+00,    9.04820e+00,    0.00000e+00,              3,              0,       1 meters
  09/05/2018 11:24:05.198,    2.36734e+00,    0.00000e+00,    2.36734e+00,    0.00000e+00,   -1.00000e-02,    0.00000e+00,    2.58054e+04,    0.00000e+00,    4.06063e+02,    0.00000e+00,    2.43005e+00,    0.00000e+00,    4.16819e+02,    0.00000e+00,    1.39985e+02,    0.00000e+00,    3.19056e+01,    0.00000e+00,    3.67895e+01,    0.00000e+00,    9.02623e+00,    0.00000e+00,    9.04846e+00,    0.00000e+00,              3,              0,       1 meters
  09/05/2018 11:24:06.175,    2.36918e+00,    0.00000e+00,    2.36918e+00,    0.00000e+00,   -1.00000e-02,    0.00000e+00,    2.57174e+04,    0.00000e+00,    4.05483e+02,    0.00000e+00,    2.43172e+00,    0.00000e+00,    4.16187e+02,    0.00000e+00,    1.39991e+02,    0.00000e+00,    3.19072e+01,    0.00000e+00,    3.67921e+01,    0.00000e+00,    9.02432e+00,    0.00000e+00,    9.05416e+00,    0.00000e+00,              3,              0,       1 meters
  09/05/2018 11:24:07.152,    2.37279e+00,    0.00000e+00,    2.37279e+00,    0.00000e+00,   -1.00000e-02,    0.00000e+00,    2.57552e+04,    0.00000e+00,    4.06148e+02,    0.00000e+00,    2.43551e+00,    0.00000e+00,    4.16885e+02,    0.00000e+00,    1.39968e+02,    0.00000e+00,    3.19087e+01,    0.00000e+00,    3.68018e+01,    0.00000e+00,    9.02474e+00,    0.00000e+00,    9.04774e+00,    0.00000e+00,              3,              0,       1 meters
  09/05/2018 11:24:08.129,    2.37229e+00,    0.00000e+00,    2.37229e+00,    0.00000e+00,   -1.00000e-02,    0.00000e+00,    2.57455e+04,    0.00000e+00,    4.05563e+02,    0.00000e+00,    2.43498e+00,    0.00000e+00,    4.16280e+02,    0.00000e+00,    1.39998e+02,    0.00000e+00,    3.19105e+01,    0.00000e+00,    3.68046e+01,    0.00000e+00,    9.02668e+00,    0.00000e+00,    9.05373e+00,    0.00000e+00,              3,              0,       1 meters
  09/05/2018 11:24:09.105,    2.37234e+00,    0.00000e+00,    2.37234e+00,    0.00000e+00,   -1.00000e-02,    0.00000e+00,    2.57751e+04,    0.00000e+00,    4.05710e+02,    0.00000e+00,    2.43511e+00,    0.00000e+00,    4.16443e+02,    0.00000e+00,    1.40004e+02,    0.00000e+00,    3.19118e+01,    0.00000e+00,    3.68073e+01,    0.00000e+00,    9.02568e+00,    0.00000e+00,    9.04923e+00,    0.00000e+00,              3,              0,       1 meters
  09/05/2018 11:24:10.082,    2.37222e+00,    0.00000e+00,    2.37222e+00,    0.00000e+00,   -1.00000e-02,    0.00000e+00,    2.58004e+04,    0.00000e+00,    4.05207e+02,    0.00000e+00,    2.43504e+00,    0.00000e+00,    4.15938e+02,    0.00000e+00,    1.39991e+02,    0.00000e+00,    3.19133e+01,    0.00000e+00,    3.68114e+01,    0.00000e+00,    9.02708e+00,    0.00000e+00,    9.05590e+00,    0.00000e+00,              3,              0,       1 meters
  09/05/2018 11:24:11.061,    2.37242e+00,    0.00000e+00,    2.37242e+00,    0.00000e+00,   -1.00000e-02,    0.00000e+00,    2.58421e+04,    0.00000e+00,    4.05701e+02,    0.00000e+00,    2.43536e+00,    0.00000e+00,    4.16463e+02,    0.00000e+00,    1.39990e+02,    0.00000e+00,    3.19142e+01,    0.00000e+00,    3.68178e+01,    0.00000e+00,    9.02514e+00,    0.00000e+00,    9.05285e+00,    0.00000e+00,              3,              0,       1 meters
  09/05/2018 11:24:12.038,    2.37161e+00,    0.00000e+00,    2.37161e+00,    0.00000e+00,   -1.00000e-02,    0.00000e+00,    2.57952e+04,    0.00000e+00,    4.05289e+02,    0.00000e+00,    2.43441e+00,    0.00000e+00,    4.16021e+02,    0.00000e+00,    1.40009e+02,    0.00000e+00,    3.19154e+01,    0.00000e+00,    3.68220e+01,    0.00000e+00,    9.02602e+00,    0.00000e+00,    9.05453e+00,    0.00000e+00,              3,              0,       1 meters
  09/05/2018 11:24:13.014,    2.37062e+00,    0.00000e+00,    2.37062e+00,    0.00000e+00,   -1.00000e-02,    0.00000e+00,    2.58030e+04,    0.00000e+00,    4.06171e+02,    0.00000e+00,    2.43341e+00,    0.00000e+00,    4.16929e+02,    0.00000e+00,    1.39986e+02,    0.00000e+00,    3.19176e+01,    0.00000e+00,    3.68297e+01,    0.00000e+00,    9.02617e+00,    0.00000e+00,    9.04359e+00,    0.00000e+00,              3,              0,       1 meters
  09/05/2018 11:24:13.991,    2.36797e+00,    0.00000e+00,    2.36797e+00,    0.00000e+00,   -1.00000e-02,    0.00000e+00,    2.57872e+04,    0.00000e+00,    4.04826e+02,    0.00000e+00,    2.43065e+00,    0.00000e+00,    4.15542e+02,    0.00000e+00,    1.39984e+02,    0.00000e+00,    3.19191e+01,    0.00000e+00,    3.68338e+01,    0.00000e+00,    9.02904e+00,    0.00000e+00,    9.05586e+00,    0.00000e+00,              3,              0,       1 meters
  09/05/2018 11:24:14.968,    2.36527e+00,    0.00000e+00,    2.36527e+00,    0.00000e+00,   -1.00000e-02,    0.00000e+00,    2.57360e+04,    0.00000e+00,    4.05589e+02,    0.00000e+00,    2.42775e+00,    0.00000e+00,    4.16303e+02,    0.00000e+00,    1.40006e+02,    0.00000e+00,    3.19207e+01,    0.00000e+00,    3.68349e+01,    0.00000e+00,    9.02973e+00,    0.00000e+00,    9.05004e+00,    0.00000e+00,              3,              0,       1 meters
  09/05/2018 11:24:15.945,    2.36366e+00,    0.00000e+00,    2.36366e+00,    0.00000e+00,   -1.00000e-02,    0.00000e+00,    2.57871e+04,    0.00000e+00,    4.05587e+02,    0.00000e+00,    2.42623e+00,    0.00000e+00,    4.16323e+02,    0.00000e+00,    1.39988e+02,    0.00000e+00,    3.19223e+01,    0.00000e+00,    3.68416e+01,    0.00000e+00,    9.02693e+00,    0.00000e+00,    9.04985e+00,    0.00000e+00,              3,              0,       1 meters
  09/05/2018 11:24:16.922,    2.36323e+00,    0.00000e+00,    2.36323e+00,    0.00000e+00,   -1.00000e-02,    0.00000e+00,    2.57998e+04,    0.00000e+00,    4.05805e+02,    0.00000e+00,    2.42582e+00,    0.00000e+00,    4.16552e+02,    0.00000e+00,    1.39975e+02,    0.00000e+00,    3.19236e+01,    0.00000e+00,    3.68456e+01,    0.00000e+00,    9.02767e+00,    0.00000e+00,    9.04790e+00,    0.00000e+00,              3,              0,       1 meters
  09/05/2018 11:24:17.899,    2.36428e+00,    0.00000e+00,    2.36428e+00,    0.00000e+00,   -1.00000e-02,    0.00000e+00,    2.57656e+04,    0.00000e+00,    4.06176e+02,    0.00000e+00,    2.42681e+00,    0.00000e+00,    4.16918e+02,    0.00000e+00,    1.40005e+02,    0.00000e+00,    3.19251e+01,    0.00000e+00,    3.68453e+01,    0.00000e+00,    9.02345e+00,    0.00000e+00,    9.04492e+00,    0.00000e+00,              3,              0,       1 meters
  09/05/2018 11:24:18.875,    2.36463e+00,    0.00000e+00,    2.36463e+00,    0.00000e+00,   -1.00000e-02,    0.00000e+00,    2.58137e+04,    0.00000e+00,    4.05926e+02,    0.00000e+00,    2.42729e+00,    0.00000e+00,    4.16683e+02,    0.00000e+00,    1.39982e+02,    0.00000e+00,    3.19265e+01,    0.00000e+00,    3.68517e+01,    0.00000e+00,    9.02314e+00,    0.00000e+00,    9.05186e+00,    0.00000e+00,              3,              0,       1 meters
  09/05/2018 11:24:19.853,    2.36265e+00,    0.00000e+00,    2.36265e+00,    0.00000e+00,   -1.00000e-02,    0.00000e+00,    2.57993e+04,    0.00000e+00,    4.06131e+02,    0.00000e+00,    2.42522e+00,    0.00000e+00,    4.16886e+02,    0.00000e+00,    1.39967e+02,    0.00000e+00,    3.19280e+01,    0.00000e+00,    3.68584e+01,    0.00000e+00,    9.02527e+00,    0.00000e+00,    9.05325e+00,    0.00000e+00,              3,              0,       1 meters
  09/05/2018 11:24:20.828,    2.36467e+00,    0.00000e+00,    2.36467e+00,    0.00000e+00,   -1.00000e-02,    0.00000e+00,    2.57885e+04,    0.00000e+00,    4.07012e+02,    0.00000e+00,    2.42727e+00,    0.00000e+00,    4.17786e+02,    0.00000e+00,    1.40004e+02,    0.00000e+00,    3.19294e+01,    0.00000e+00,    3.68570e+01,    0.00000e+00,    9.02560e+00,    0.00000e+00,    9.05299e+00,    0.00000e+00,              3,              0,       1 meters
  09/05/2018 11:24:21.805,    2.36116e+00,    0.00000e+00,    2.36116e+00,    0.00000e+00,   -1.00000e-02,    0.00000e+00,    2.58106e+04,    0.00000e+00,    4.07064e+02,    0.00000e+00,    2.42372e+00,    0.00000e+00,    4.17849e+02,    0.00000e+00,    1.39983e+02,    0.00000e+00,    3.19311e+01,    0.00000e+00,    3.68638e+01,    0.00000e+00,    9.02689e+00,    0.00000e+00,    9.05305e+00,    0.00000e+00,              3,              0,       1 meters
  09/05/2018 11:24:22.782,    2.36102e+00,    0.00000e+00,    2.36102e+00,    0.00000e+00,   -1.00000e-02,    0.00000e+00,    2.57580e+04,    0.00000e+00,    4.07389e+02,    0.00000e+00,    2.42344e+00,    0.00000e+00,    4.18160e+02,    0.00000e+00,    1.39959e+02,    0.00000e+00,    3.19340e+01,    0.00000e+00,    3.68729e+01,    0.00000e+00,    9.02979e+00,    0.00000e+00,    9.05409e+00,    0.00000e+00,              3,              0,       1 meters
  09/05/2018 11:24:23.760,    2.36267e+00,    0.00000e+00,    2.36267e+00,    0.00000e+00,   -1.00000e-02,    0.00000e+00,    2.58042e+04,    0.00000e+00,    4.08215e+02,    0.00000e+00,    2.42525e+00,    0.00000e+00,    4.19028e+02,    0.00000e+00,    1.39982e+02,    0.00000e+00,    3.19355e+01,    0.00000e+00,    3.68729e+01,    0.00000e+00,    9.02356e+00,    0.00000e+00,    9.04615e+00,    0.00000e+00,              3,              0,       1 meters
  09/05/2018 11:24:24.737,    2.36033e+00,    0.00000e+00,    2.36033e+00,    0.00000e+00,   -1.00000e-02,    0.00000e+00,    2.58318e+04,    0.00000e+00,    4.08690e+02,    0.00000e+00,    2.42292e+00,    0.00000e+00,    4.19527e+02,    0.00000e+00,    1.39979e+02,    0.00000e+00,    3.19362e+01,    0.00000e+00,    3.68791e+01,    0.00000e+00,    9.02362e+00,    0.00000e+00,    9.05060e+00,    0.00000e+00,              3,              0,       1 meters
  09/05/2018 11:24:25.716,    2.35847e+00,    0.00000e+00,    2.35847e+00,    0.00000e+00,   -1.00000e-02,    0.00000e+00,    2.57814e+04,    0.00000e+00,    4.08990e+02,    0.00000e+00,    2.42088e+00,    0.00000e+00,    4.19814e+02,    0.00000e+00,    1.39964e+02,    0.00000e+00,    3.19407e+01,    0.00000e+00,    3.68863e+01,    0.00000e+00,    9.02597e+00,    0.00000e+00,    9.05257e+00,    0.00000e+00,              3,              0,       1 meters
  09/05/2018 11:24:26.691,    2.35569e+00,    0.00000e+00,    2.35569e+00,    0.00000e+00,   -1.00000e-02,    0.00000e+00,    2.57504e+04,    0.00000e+00,    4.09350e+02,    0.00000e+00,    2.41795e+00,    0.00000e+00,    4.20169e+02,    0.00000e+00,    1.39985e+02,    0.00000e+00,    3.19405e+01,    0.00000e+00,    3.68907e+01,    0.00000e+00,    9.02437e+00,    0.00000e+00,    9.05006e+00,    0.00000e+00,              3,              0,       1 meters
  09/05/2018 11:24:27.668,    2.35273e+00,    0.00000e+00,    2.35273e+00,    0.00000e+00,   -1.00000e-02,    0.00000e+00,    2.57353e+04,    0.00000e+00,    4.09934e+02,    0.00000e+00,    2.41488e+00,    0.00000e+00,    4.20763e+02,    0.00000e+00,    1.39980e+02,    0.00000e+00,    3.19437e+01,    0.00000e+00,    3.68916e+01,    0.00000e+00,    9.02674e+00,    0.00000e+00,    9.05618e+00,    0.00000e+00,              3,              0,       1 meters
  09/05/2018 11:24:28.646,    2.35088e+00,    0.00000e+00,    2.35088e+00,    0.00000e+00,   -1.00000e-02,    0.00000e+00,    2.57851e+04,    0.00000e+00,    4.10621e+02,    0.00000e+00,    2.41310e+00,    0.00000e+00,    4.21489e+02,    0.00000e+00,    1.39973e+02,    0.00000e+00,    3.19428e+01,    0.00000e+00,    3.68957e+01,    0.00000e+00,    9.02621e+00,    0.00000e+00,    9.05453e+00,    0.00000e+00,              3,              0,       1 meters
  09/05/2018 11:24:29.621,    2.34544e+00,    0.00000e+00,    2.34544e+00,    0.00000e+00,   -1.00000e-02,    0.00000e+00,    2.57030e+04,    0.00000e+00,    4.11013e+02,    0.00000e+00,    2.40732e+00,    0.00000e+00,    4.21856e+02,    0.00000e+00,    1.39991e+02,    0.00000e+00,    3.19442e+01,    0.00000e+00,    3.68982e+01,    0.00000e+00,    9.03112e+00,    0.00000e+00,    9.05090e+00,    0.00000e+00,              3,              0,       1 meters
  09/05/2018 11:24:30.599,    2.34350e+00,    0.00000e+00,    2.34350e+00,    0.00000e+00,   -1.00000e-02,    0.00000e+00,    2.56690e+04,    0.00000e+00,    4.10928e+02,    0.00000e+00,    2.40524e+00,    0.00000e+00,    4.21754e+02,    0.00000e+00,    1.39986e+02,    0.00000e+00,    3.19461e+01,    0.00000e+00,    3.69017e+01,    0.00000e+00,    9.02887e+00,    0.00000e+00,    9.05350e+00,    0.00000e+00,              3,              0,       1 meters
  09/05/2018 11:24:31.576,    2.34085e+00,    0.00000e+00,    2.34085e+00,    0.00000e+00,   -1.00000e-02,    0.00000e+00,    2.57106e+04,    0.00000e+00,    4.11610e+02,    0.00000e+00,    2.40262e+00,    0.00000e+00,    4.22472e+02,    0.00000e+00,    1.39987e+02,    0.00000e+00,    3.19505e+01,    0.00000e+00,    3.69051e+01,    0.00000e+00,    9.02772e+00,    0.00000e+00,    9.05033e+00,    0.00000e+00,              3,              0,       1 meters
  09/05/2018 11:24:32.552,    2.33764e+00,    0.00000e+00,    2.33764e+00,    0.00000e+00,   -1.00000e-02,    0.00000e+00,    2.56533e+04,    0.00000e+00,    4.12035e+02,    0.00000e+00,    2.39919e+00,    0.00000e+00,    4.22883e+02,    0.00000e+00,    1.39994e+02,    0.00000e+00,    3.19512e+01,    0.00000e+00,    3.69131e+01,    0.00000e+00,    9.02891e+00,    0.00000e+00,    9.05701e+00,    0.00000e+00,              3,              0,       1 meters
  09/05/2018 11:24:33.529,    2.33293e+00,    0.00000e+00,    2.33293e+00,    0.00000e+00,   -1.00000e-02,    0.00000e+00,    2.56193e+04,    0.00000e+00,    4.12251e+02,    0.00000e+00,    2.39427e+00,    0.00000e+00,    4.23090e+02,    0.00000e+00,    1.39984e+02,    0.00000e+00,    3.19513e+01,    0.00000e+00,    3.69149e+01,    0.00000e+00,    9.03101e+00,    0.00000e+00,    9.05372e+00,    0.00000e+00,              3,              0,       1 meters
  09/05/2018 11:24:34.506,    2.33352e+00,    0.00000e+00,    2.33352e+00,    0.00000e+00,   -1.00000e-02,    0.00000e+00,    2.56562e+04,    0.00000e+00,    4.12221e+02,    0.00000e+00,    2.39497e+00,    0.00000e+00,    4.23075e+02,    0.00000e+00,    1.39991e+02,    0.00000e+00,    3.19531e+01,    0.00000e+00,    3.69158e+01,    0.00000e+00,    9.02675e+00,    0.00000e+00,    9.05660e+00,    0.00000e+00,              3,              0,       1 meters
  09/05/2018 11:24:35.481,    2.33004e+00,    0.00000e+00,    2.33004e+00,    0.00000e+00,   -1.00000e-02,    0.00000e+00,    2.56624e+04,    0.00000e+00,    4.12725e+02,    0.00000e+00,    2.39141e+00,    0.00000e+00,    4.23596e+02,    0.00000e+00,    1.40001e+02,    0.00000e+00,    3.19554e+01,    0.00000e+00,    3.69211e+01,    0.00000e+00,    9.02404e+00,    0.00000e+00,    9.05493e+00,    0.00000e+00,              3,              0,       1 meters
  09/05/2018 11:24:36.458,    2.32624e+00,    0.00000e+00,    2.32624e+00,    0.00000e+00,   -1.00000e-02,    0.00000e+00,    2.56070e+04,    0.00000e+00,    4.12175e+02,    0.00000e+00,    2.38738e+00,    0.00000e+00,    4.23007e+02,    0.00000e+00,    1.40006e+02,    0.00000e+00,    3.19581e+01,    0.00000e+00,    3.69274e+01,    0.00000e+00,    9.02823e+00,    0.00000e+00,    9.05702e+00,    0.00000e+00,              3,              0,       1 meters
  09/05/2018 11:24:37.435,    2.32237e+00,    0.00000e+00,    2.32237e+00,    0.00000e+00,   -1.00000e-02,    0.00000e+00,    2.55807e+04,    0.00000e+00,    4.12518e+02,    0.00000e+00,    2.38333e+00,    0.00000e+00,    4.23348e+02,    0.00000e+00,    1.40005e+02,    0.00000e+00,    3.19582e+01,    0.00000e+00,    3.69275e+01,    0.00000e+00,    9.02585e+00,    0.00000e+00,    9.04916e+00,    0.00000e+00,              3,              0,       1 meters
  09/05/2018 11:24:38.412,    2.31885e+00,    0.00000e+00,    2.31885e+00,    0.00000e+00,   -1.00000e-02,    0.00000e+00,    2.55455e+04,    0.00000e+00,    4.12548e+02,    0.00000e+00,    2.37964e+00,    0.00000e+00,    4.23363e+02,    0.00000e+00,    1.39996e+02,    0.00000e+00,    3.19621e+01,    0.00000e+00,    3.69335e+01,    0.00000e+00,    9.02414e+00,    0.00000e+00,    9.05337e+00,    0.00000e+00,              3,              0,       1 meters
  09/05/2018 11:24:39.389,    2.31254e+00,    0.00000e+00,    2.31254e+00,    0.00000e+00,   -1.00000e-02,    0.00000e+00,    2.55392e+04,    0.00000e+00,    4.12389e+02,    0.00000e+00,    2.37314e+00,    0.00000e+00,    4.23197e+02,    0.00000e+00,    1.39995e+02,    0.00000e+00,    3.19620e+01,    0.00000e+00,    3.69376e+01,    0.00000e+00,    9.02437e+00,    0.00000e+00,    9.05267e+00,    0.00000e+00,              3,              0,       1 meters
  09/05/2018 11:24:40.365,    2.30884e+00,    0.00000e+00,    2.30884e+00,    0.00000e+00,   -1.00000e-02,    0.00000e+00,    2.55226e+04,    0.00000e+00,    4.11982e+02,    0.00000e+00,    2.36931e+00,    0.00000e+00,    4.22773e+02,    0.00000e+00,    1.40010e+02,    0.00000e+00,    3.19637e+01,    0.00000e+00,    3.69378e+01,    0.00000e+00,    9.02176e+00,    0.00000e+00,    9.05591e+00,    0.00000e+00,              3,              0,       1 meters
  09/05/2018 11:24:41.342,    2.30028e+00,    0.00000e+00,    2.30028e+00,    0.00000e+00,   -1.00000e-02,    0.00000e+00,    2.54869e+04,    0.00000e+00,    4.12183e+02,    0.00000e+00,    2.36044e+00,    0.00000e+00,    4.22963e+02,    0.00000e+00,    1.39990e+02,    0.00000e+00,    3.19654e+01,    0.00000e+00,    3.69446e+01,    0.00000e+00,    9.02414e+00,    0.00000e+00,    9.05577e+00,    0.00000e+00,              3,              0,       1 meters
  09/05/2018 11:24:42.319,    2.29611e+00,    0.00000e+00,    2.29611e+00,    0.00000e+00,   -1.00000e-02,    0.00000e+00,    2.54825e+04,    0.00000e+00,    4.12246e+02,    0.00000e+00,    2.35615e+00,    0.00000e+00,    4.23025e+02,    0.00000e+00,    1.39970e+02,    0.00000e+00,    3.19673e+01,    0.00000e+00,    3.69522e+01,    0.00000e+00,    9.02059e+00,    0.00000e+00,    9.05319e+00,    0.00000e+00,              3,              0,       1 meters
  09/05/2018 11:24:43.296,    2.28850e+00,    0.00000e+00,    2.28850e+00,    0.00000e+00,   -1.00000e-02,    0.00000e+00,    2.54580e+04,    0.00000e+00,    4.12249e+02,    0.00000e+00,    2.34829e+00,    0.00000e+00,    4.23018e+02,    0.00000e+00,    1.39988e+02,    0.00000e+00,    3.19686e+01,    0.00000e+00,    3.69535e+01,    0.00000e+00,    9.02580e+00,    0.00000e+00,    9.05534e+00,    0.00000e+00,              3,              0,       1 meters
  09/05/2018 11:24:44.273,    2.28251e+00,    0.00000e+00,    2.28251e+00,    0.00000e+00,   -1.00000e-02,    0.00000e+00,    2.53967e+04,    0.00000e+00,    4.12367e+02,    0.00000e+00,    2.34199e+00,    0.00000e+00,    4.23113e+02,    0.00000e+00,    1.39990e+02,    0.00000e+00,    3.19707e+01,    0.00000e+00,    3.69583e+01,    0.00000e+00,    9.02308e+00,    0.00000e+00,    9.05371e+00,    0.00000e+00,              3,              0,       1 meters
  09/05/2018 11:24:45.250,    2.27573e+00,    0.00000e+00,    2.27573e+00,    0.00000e+00,   -1.00000e-02,    0.00000e+00,    2.54296e+04,    0.00000e+00,    4.11918e+02,    0.00000e+00,    2.33511e+00,    0.00000e+00,    4.22666e+02,    0.00000e+00,    1.39968e+02,    0.00000e+00,    3.19726e+01,    0.00000e+00,    3.69658e+01,    0.00000e+00,    9.02731e+00,    0.00000e+00,    9.05369e+00,    0.00000e+00,              3,              0,       1 meters
  09/05/2018 11:24:46.227,    2.26929e+00,    0.00000e+00,    2.26929e+00,    0.00000e+00,   -1.00000e-02,    0.00000e+00,    2.52919e+04,    0.00000e+00,    4.11984e+02,    0.00000e+00,    2.32817e+00,    0.00000e+00,    4.22674e+02,    0.00000e+00,    1.39983e+02,    0.00000e+00,    3.19740e+01,    0.00000e+00,    3.69656e+01,    0.00000e+00,    9.02620e+00,    0.00000e+00,    9.05343e+00,    0.00000e+00,              3,              0,       1 meters
  09/05/2018 11:24:47.203,    2.26462e+00,    0.00000e+00,    2.26462e+00,    0.00000e+00,   -1.00000e-02,    0.00000e+00,    2.52799e+04,    0.00000e+00,    4.11758e+02,    0.00000e+00,    2.32335e+00,    0.00000e+00,    4.22437e+02,    0.00000e+00,    1.39984e+02,    0.00000e+00,    3.19757e+01,    0.00000e+00,    3.69712e+01,    0.00000e+00,    9.02154e+00,    0.00000e+00,    9.05120e+00,    0.00000e+00,              3,              0,       1 meters
  09/05/2018 11:24:48.182,    2.25802e+00,    0.00000e+00,    2.25802e+00,    0.00000e+00,   -1.00000e-02,    0.00000e+00,    2.52614e+04,    0.00000e+00,    4.11928e+02,    0.00000e+00,    2.31654e+00,    0.00000e+00,    4.22604e+02,    0.00000e+00,    1.39974e+02,    0.00000e+00,    3.19774e+01,    0.00000e+00,    3.69745e+01,    0.00000e+00,    9.02551e+00,    0.00000e+00,    9.05329e+00,    0.00000e+00,              3,              0,       1 meters
  09/05/2018 11:24:49.157,    2.25352e+00,    0.00000e+00,    2.25352e+00,    0.00000e+00,   -1.00000e-02,    0.00000e+00,    2.52651e+04,    0.00000e+00,    4.11402e+02,    0.00000e+00,    2.31193e+00,    0.00000e+00,    4.22065e+02,    0.00000e+00,    1.39988e+02,    0.00000e+00,    3.19782e+01,    0.00000e+00,    3.69790e+01,    0.00000e+00,    9.02722e+00,    0.00000e+00,    9.05303e+00,    0.00000e+00,              3,              0,       1 meters
  09/05/2018 11:24:50.134,    2.24849e+00,    0.00000e+00,    2.24849e+00,    0.00000e+00,   -1.00000e-02,    0.00000e+00,    2.52649e+04,    0.00000e+00,    4.11129e+02,    0.00000e+00,    2.30677e+00,    0.00000e+00,    4.21785e+02,    0.00000e+00,    1.39981e+02,    0.00000e+00,    3.19792e+01,    0.00000e+00,    3.69821e+01,    0.00000e+00,    9.02669e+00,    0.00000e+00,    9.05659e+00,    0.00000e+00,              3,              0,       1 meters
  09/05/2018 11:24:51.111,    2.24487e+00,    0.00000e+00,    2.24487e+00,    0.00000e+00,   -1.00000e-02,    0.00000e+00,    2.52091e+04,    0.00000e+00,    4.11241e+02,    0.00000e+00,    2.30292e+00,    0.00000e+00,    4.21876e+02,    0.00000e+00,    1.39989e+02,    0.00000e+00,    3.19821e+01,    0.00000e+00,    3.69866e+01,    0.00000e+00,    9.02523e+00,    0.00000e+00,    9.05783e+00,    0.00000e+00,              3,              0,       1 meters
  09/05/2018 11:24:52.088,    2.24123e+00,    0.00000e+00,    2.24123e+00,    0.00000e+00,   -1.00000e-02,    0.00000e+00,    2.51916e+04,    0.00000e+00,    4.10832e+02,    0.00000e+00,    2.29915e+00,    0.00000e+00,    4.21449e+02,    0.00000e+00,    1.39993e+02,    0.00000e+00,    3.19839e+01,    0.00000e+00,    3.69899e+01,    0.00000e+00,    9.02585e+00,    0.00000e+00,    9.05681e+00,    0.00000e+00,              3,              0,       1 meters
  09/05/2018 11:24:53.066,    2.23559e+00,    0.00000e+00,    2.23559e+00,    0.00000e+00,   -1.00000e-02,    0.00000e+00,    2.51755e+04,    0.00000e+00,    4.10909e+02,    0.00000e+00,    2.29333e+00,    0.00000e+00,    4.21521e+02,    0.00000e+00,    1.40011e+02,    0.00000e+00,    3.19850e+01,    0.00000e+00,    3.69922e+01,    0.00000e+00,    9.02586e+00,    0.00000e+00,    9.05272e+00,    0.00000e+00,              3,              0,       1 meters
  09/05/2018 11:24:54.043,    2.23413e+00,    0.00000e+00,    2.23413e+00,    0.00000e+00,   -1.00000e-02,    0.00000e+00,    2.51812e+04,    0.00000e+00,    4.10396e+02,    0.00000e+00,    2.29184e+00,    0.00000e+00,    4.20997e+02,    0.00000e+00,    1.39998e+02,    0.00000e+00,    3.19863e+01,    0.00000e+00,    3.69934e+01,    0.00000e+00,    9.02958e+00,    0.00000e+00,    9.05712e+00,    0.00000e+00,              3,              0,       1 meters
  09/05/2018 11:24:55.019,    2.23029e+00,    0.00000e+00,    2.23029e+00,    0.00000e+00,   -1.00000e-02,    0.00000e+00,    2.51822e+04,    0.00000e+00,    4.10713e+02,    0.00000e+00,    2.28790e+00,    0.00000e+00,    4.21322e+02,    0.00000e+00,    1.39995e+02,    0.00000e+00,    3.19883e+01,    0.00000e+00,    3.69980e+01,    0.00000e+00,    9.02490e+00,    0.00000e+00,    9.05888e+00,    0.00000e+00,              3,              0,       1 meters
  09/05/2018 11:24:55.996,    2.22732e+00,    0.00000e+00,    2.22732e+00,    0.00000e+00,   -1.00000e-02,    0.00000e+00,    2.51330e+04,    0.00000e+00,    4.10593e+02,    0.00000e+00,    2.28474e+00,    0.00000e+00,    4.21178e+02,    0.00000e+00,    1.40011e+02,    0.00000e+00,    3.19895e+01,    0.00000e+00,    3.70012e+01,    0.00000e+00,    9.02484e+00,    0.00000e+00,    9.04960e+00,    0.00000e+00,              3,              0,       1 meters
  09/05/2018 11:24:56.973,    2.22218e+00,    0.00000e+00,    2.22218e+00,    0.00000e+00,   -1.00000e-02,    0.00000e+00,    2.51533e+04,    0.00000e+00,    4.10656e+02,    0.00000e+00,    2.27952e+00,    0.00000e+00,    4.21252e+02,    0.00000e+00,    1.40008e+02,    0.00000e+00,    3.19903e+01,    0.00000e+00,    3.70030e+01,    0.00000e+00,    9.02449e+00,    0.00000e+00,    9.05319e+00,    0.00000e+00,              3,              0,       1 meters
  09/05/2018 11:24:57.950,    2.21989e+00,    0.00000e+00,    2.21989e+00,    0.00000e+00,   -1.00000e-02,    0.00000e+00,    2.50871e+04,    0.00000e+00,    4.10238e+02,    0.00000e+00,    2.27701e+00,    0.00000e+00,    4.20794e+02,    0.00000e+00,    1.39997e+02,    0.00000e+00,    3.19927e+01,    0.00000e+00,    3.70085e+01,    0.00000e+00,    9.02485e+00,    0.00000e+00,    9.05743e+00,    0.00000e+00,              3,              0,       1 meters
  09/05/2018 11:24:58.928,    2.21416e+00,    0.00000e+00,    2.21416e+00,    0.00000e+00,   -1.00000e-02,    0.00000e+00,    2.50953e+04,    0.00000e+00,    4.10158e+02,    0.00000e+00,    2.27116e+00,    0.00000e+00,    4.20716e+02,    0.00000e+00,    1.39992e+02,    0.00000e+00,    3.19948e+01,    0.00000e+00,    3.70115e+01,    0.00000e+00,    9.02659e+00,    0.00000e+00,    9.05356e+00,    0.00000e+00,              3,              0,       1 meters
  09/05/2018 11:24:59.903,    2.21080e+00,    0.00000e+00,    2.21080e+00,    0.00000e+00,   -1.00000e-02,    0.00000e+00,    2.50521e+04,    0.00000e+00,    4.10147e+02,    0.00000e+00,    2.26761e+00,    0.00000e+00,    4.20686e+02,    0.00000e+00,    1.39987e+02,    0.00000e+00,    3.19948e+01,    0.00000e+00,    3.70150e+01,    0.00000e+00,    9.02387e+00,    0.00000e+00,    9.05189e+00,    0.00000e+00,              3,              0,       1 meters
  09/05/2018 11:25:00.879,    2.20828e+00,    0.00000e+00,    2.20828e+00,    0.00000e+00,   -1.00000e-02,    0.00000e+00,    2.50518e+04,    0.00000e+00,    4.09759e+02,    0.00000e+00,    2.26502e+00,    0.00000e+00,    4.20287e+02,    0.00000e+00,    1.39987e+02,    0.00000e+00,    3.19964e+01,    0.00000e+00,    3.70200e+01,    0.00000e+00,    9.02362e+00,    0.00000e+00,    9.05660e+00,    0.00000e+00,              3,              0,       1 meters
  09/05/2018 11:25:01.856,    2.20385e+00,    0.00000e+00,    2.20385e+00,    0.00000e+00,   -1.00000e-02,    0.00000e+00,    2.50545e+04,    0.00000e+00,    4.09782e+02,    0.00000e+00,    2.26049e+00,    0.00000e+00,    4.20313e+02,    0.00000e+00,    1.39988e+02,    0.00000e+00,    3.19992e+01,    0.00000e+00,    3.70219e+01,    0.00000e+00,    9.02367e+00,    0.00000e+00,    9.05462e+00,    0.00000e+00,              3,              0,       1 meters
  09/05/2018 11:25:02.833,    2.19992e+00,    0.00000e+00,    2.19992e+00,    0.00000e+00,   -1.00000e-02,    0.00000e+00,    2.50532e+04,    0.00000e+00,    4.09548e+02,    0.00000e+00,    2.25645e+00,    0.00000e+00,    4.20072e+02,    0.00000e+00,    1.39987e+02,    0.00000e+00,    3.20012e+01,    0.00000e+00,    3.70291e+01,    0.00000e+00,    9.02546e+00,    0.00000e+00,    9.05153e+00,    0.00000e+00,              3,              0,       1 meters
  09/05/2018 11:25:03.810,    2.19789e+00,    0.00000e+00,    2.19789e+00,    0.00000e+00,   -1.00000e-02,    0.00000e+00,    2.50216e+04,    0.00000e+00,    4.08844e+02,    0.00000e+00,    2.25430e+00,    0.00000e+00,    4.19337e+02,    0.00000e+00,    1.39985e+02,    0.00000e+00,    3.20028e+01,    0.00000e+00,    3.70332e+01,    0.00000e+00,    9.02463e+00,    0.00000e+00,    9.06126e+00,    0.00000e+00,              3,              0,       1 meters
  09/05/2018 11:25:04.787,    2.19322e+00,    0.00000e+00,    2.19322e+00,    0.00000e+00,   -1.00000e-02,    0.00000e+00,    2.50325e+04,    0.00000e+00,    4.09245e+02,    0.00000e+00,    2.24953e+00,    0.00000e+00,    4.19752e+02,    0.00000e+00,    1.39961e+02,    0.00000e+00,    3.20048e+01,    0.00000e+00,    3.70404e+01,    0.00000e+00,    9.02629e+00,    0.00000e+00,    9.05555e+00,    0.00000e+00,              3,              0,       1 meters
  09/05/2018 11:25:05.764,    2.18792e+00,    0.00000e+00,    2.18792e+00,    0.00000e+00,   -1.00000e-02,    0.00000e+00,    2.49750e+04,    0.00000e+00,    4.09521e+02,    0.00000e+00,    2.24396e+00,    0.00000e+00,    4.20011e+02,    0.00000e+00,    1.39981e+02,    0.00000e+00,    3.20062e+01,    0.00000e+00,    3.70391e+01,    0.00000e+00,    9.02767e+00,    0.00000e+00,    9.04818e+00,    0.00000e+00,              3,              0,       1 meters
  09/05/2018 11:25:06.741,    2.18541e+00,    0.00000e+00,    2.18541e+00,    0.00000e+00,   -1.00000e-02,    0.00000e+00,    2.49618e+04,    0.00000e+00,    4.09255e+02,    0.00000e+00,    2.24136e+00,    0.00000e+00,    4.19733e+02,    0.00000e+00,    1.39980e+02,    0.00000e+00,    3.20075e+01,    0.00000e+00,    3.70419e+01,    0.00000e+00,    9.02617e+00,    0.00000e+00,    9.05451e+00,    0.00000e+00,              3,              0,       1 meters
  09/05/2018 11:25:07.718,    2.18497e+00,    0.00000e+00,    2.18497e+00,    0.00000e+00,   -1.00000e-02,    0.00000e+00,    2.50162e+04,    0.00000e+00,    4.09042e+02,    0.00000e+00,    2.24103e+00,    0.00000e+00,    4.19537e+02,    0.00000e+00,    1.39967e+02,    0.00000e+00,    3.20092e+01,    0.00000e+00,    3.70480e+01,    0.00000e+00,    9.02145e+00,    0.00000e+00,    9.05667e+00,    0.00000e+00,              3,              0,       1 meters
  09/05/2018 11:25:08.695,    2.17890e+00,    0.00000e+00,    2.17890e+00,    0.00000e+00,   -1.00000e-02,    0.00000e+00,    2.49748e+04,    0.00000e+00,    4.08799e+02,    0.00000e+00,    2.23471e+00,    0.00000e+00,    4.19270e+02,    0.00000e+00,    1.39983e+02,    0.00000e+00,    3.20114e+01,    0.00000e+00,    3.70480e+01,    0.00000e+00,    9.02688e+00,    0.00000e+00,    9.05679e+00,    0.00000e+00,              3,              0,       1 meters
  09/05/2018 11:25:09.671,    2.17800e+00,    0.00000e+00,    2.17800e+00,    0.00000e+00,   -1.00000e-02,    0.00000e+00,    2.49466e+04,    0.00000e+00,    4.08668e+02,    0.00000e+00,    2.23372e+00,    0.00000e+00,    4.19124e+02,    0.00000e+00,    1.39980e+02,    0.00000e+00,    3.20113e+01,    0.00000e+00,    3.70522e+01,    0.00000e+00,    9.02230e+00,    0.00000e+00,    9.05552e+00,    0.00000e+00,              3,              0,       1 meters
  09/05/2018 11:25:10.648,    2.17315e+00,    0.00000e+00,    2.17315e+00,    0.00000e+00,   -1.00000e-02,    0.00000e+00,    2.48990e+04,    0.00000e+00,    4.08525e+02,    0.00000e+00,    2.22864e+00,    0.00000e+00,    4.18957e+02,    0.00000e+00,    1.39985e+02,    0.00000e+00,    3.20126e+01,    0.00000e+00,    3.70546e+01,    0.00000e+00,    9.02407e+00,    0.00000e+00,    9.05014e+00,    0.00000e+00,              3,              0,       1 meters
  09/05/2018 11:25:11.625,    2.17117e+00,    0.00000e+00,    2.17117e+00,    0.00000e+00,   -1.00000e-02,    0.00000e+00,    2.49048e+04,    0.00000e+00,    4.08751e+02,    0.00000e+00,    2.22662e+00,    0.00000e+00,    4.19191e+02,    0.00000e+00,    1.40001e+02,    0.00000e+00,    3.20145e+01,    0.00000e+00,    3.70592e+01,    0.00000e+00,    9.02446e+00,    0.00000e+00,    9.05390e+00,    0.00000e+00,              3,              0,       1 meters
  09/05/2018 11:25:12.602,    2.16668e+00,    0.00000e+00,    2.16668e+00,    0.00000e+00,   -1.00000e-02,    0.00000e+00,    2.49103e+04,    0.00000e+00,    4.09434e+02,    0.00000e+00,    2.22203e+00,    0.00000e+00,    4.19893e+02,    0.00000e+00,    1.40009e+02,    0.00000e+00,    3.20172e+01,    0.00000e+00,    3.70616e+01,    0.00000e+00,    9.02796e+00,    0.00000e+00,    9.04607e+00,    0.00000e+00,              3,              0,       1 meters
  09/05/2018 11:25:13.579,    2.16611e+00,    0.00000e+00,    2.16611e+00,    0.00000e+00,   -1.00000e-02,    0.00000e+00,    2.49155e+04,    0.00000e+00,    4.08593e+02,    0.00000e+00,    2.22146e+00,    0.00000e+00,    4.19033e+02,    0.00000e+00,    1.39994e+02,    0.00000e+00,    3.20190e+01,    0.00000e+00,    3.70657e+01,    0.00000e+00,    9.02597e+00,    0.00000e+00,    9.05310e+00,    0.00000e+00,              3,              0,       1 meters
  09/05/2018 11:25:14.556,    2.16315e+00,    0.00000e+00,    2.16315e+00,    0.00000e+00,   -1.00000e-02,    0.00000e+00,    2.48763e+04,    0.00000e+00,    4.08624e+02,    0.00000e+00,    2.21833e+00,    0.00000e+00,    4.19048e+02,    0.00000e+00,    1.39995e+02,    0.00000e+00,    3.20203e+01,    0.00000e+00,    3.70705e+01,    0.00000e+00,    9.02664e+00,    0.00000e+00,    9.05460e+00,    0.00000e+00,              3,              0,       1 meters
  09/05/2018 11:25:15.533,    2.16209e+00,    0.00000e+00,    2.16209e+00,    0.00000e+00,   -1.00000e-02,    0.00000e+00,    2.48955e+04,    0.00000e+00,    4.08439e+02,    0.00000e+00,    2.21729e+00,    0.00000e+00,    4.18867e+02,    0.00000e+00,    1.40013e+02,    0.00000e+00,    3.20220e+01,    0.00000e+00,    3.70748e+01,    0.00000e+00,    9.02286e+00,    0.00000e+00,    9.05572e+00,    0.00000e+00,              3,              0,       1 meters
  09/05/2018 11:25:16.509,    2.15946e+00,    0.00000e+00,    2.15946e+00,    0.00000e+00,   -1.00000e-02,    0.00000e+00,    2.48558e+04,    0.00000e+00,    4.08433e+02,    0.00000e+00,    2.21451e+00,    0.00000e+00,    4.18843e+02,    0.00000e+00,    1.39989e+02,    0.00000e+00,    3.20237e+01,    0.00000e+00,    3.70806e+01,    0.00000e+00,    9.02832e+00,    0.00000e+00,    9.05375e+00,    0.00000e+00,              3,              0,       1 meters
  09/05/2018 11:25:17.487,    2.15680e+00,    0.00000e+00,    2.15680e+00,    0.00000e+00,   -1.00000e-02,    0.00000e+00,    2.48673e+04,    0.00000e+00,    4.08296e+02,    0.00000e+00,    2.21180e+00,    0.00000e+00,    4.18708e+02,    0.00000e+00,    1.39998e+02,    0.00000e+00,    3.20251e+01,    0.00000e+00,    3.70830e+01,    0.00000e+00,    9.02434e+00,    0.00000e+00,    9.05122e+00,    0.00000e+00,              3,              0,       1 meters
  09/05/2018 11:25:18.464,    2.15714e+00,    0.00000e+00,    2.15714e+00,    0.00000e+00,   -1.00000e-02,    0.00000e+00,    2.48916e+04,    0.00000e+00,    4.08235e+02,    0.00000e+00,    2.21220e+00,    0.00000e+00,    4.18656e+02,    0.00000e+00,    1.40003e+02,    0.00000e+00,    3.20268e+01,    0.00000e+00,    3.70870e+01,    0.00000e+00,    9.02532e+00,    0.00000e+00,    9.05316e+00,    0.00000e+00,              3,              0,       1 meters
  09/05/2018 11:25:19.441,    2.15665e+00,    0.00000e+00,    2.15665e+00,    0.00000e+00,   -1.00000e-02,    0.00000e+00,    2.47846e+04,    0.00000e+00,    4.08369e+02,    0.00000e+00,    2.21146e+00,    0.00000e+00,    4.18748e+02,    0.00000e+00,    1.39989e+02,    0.00000e+00,    3.20288e+01,    0.00000e+00,    3.70929e+01,    0.00000e+00,    9.02265e+00,    0.00000e+00,    9.05618e+00,    0.00000e+00,              3,              0,       1 meters
  09/05/2018 11:25:20.418,    2.15697e+00,    0.00000e+00,    2.15697e+00,    0.00000e+00,   -1.00000e-02,    0.00000e+00,    2.48884e+04,    0.00000e+00,    4.08449e+02,    0.00000e+00,    2.21203e+00,    0.00000e+00,    4.18875e+02,    0.00000e+00,    1.39992e+02,    0.00000e+00,    3.20287e+01,    0.00000e+00,    3.70976e+01,    0.00000e+00,    9.02080e+00,    0.00000e+00,    9.05566e+00,    0.00000e+00,              3,              0,       1 meters
  09/05/2018 11:25:21.395,    2.15382e+00,    0.00000e+00,    2.15382e+00,    0.00000e+00,   -1.00000e-02,    0.00000e+00,    2.48719e+04,    0.00000e+00,    4.08410e+02,    0.00000e+00,    2.20876e+00,    0.00000e+00,    4.18827e+02,    0.00000e+00,    1.39973e+02,    0.00000e+00,    3.20304e+01,    0.00000e+00,    3.71033e+01,    0.00000e+00,    9.02590e+00,    0.00000e+00,    9.05487e+00,    0.00000e+00,              3,              0,       1 meters
  09/05/2018 11:25:22.371,    2.15208e+00,    0.00000e+00,    2.15208e+00,    0.00000e+00,   -1.00000e-02,    0.00000e+00,    2.48847e+04,    0.00000e+00,    4.08152e+02,    0.00000e+00,    2.20700e+00,    0.00000e+00,    4.18568e+02,    0.00000e+00,    1.39982e+02,    0.00000e+00,    3.20321e+01,    0.00000e+00,    3.71052e+01,    0.00000e+00,    9.02480e+00,    0.00000e+00,    9.05033e+00,    0.00000e+00,              3,              0,       1 meters
  09/05/2018 11:25:23.348,    2.14999e+00,    0.00000e+00,    2.14999e+00,    0.00000e+00,   -1.00000e-02,    0.00000e+00,    2.48522e+04,    0.00000e+00,    4.08011e+02,    0.00000e+00,    2.20479e+00,    0.00000e+00,    4.18409e+02,    0.00000e+00,    1.39990e+02,    0.00000e+00,    3.20350e+01,    0.00000e+00,    3.71059e+01,    0.00000e+00,    9.02891e+00,    0.00000e+00,    9.05443e+00,    0.00000e+00,              3,              0,       1 meters
  09/05/2018 11:25:24.325,    2.15078e+00,    0.00000e+00,    2.15078e+00,    0.00000e+00,   -1.00000e-02,    0.00000e+00,    2.49668e+04,    0.00000e+00,    4.08183e+02,    0.00000e+00,    2.20585e+00,    0.00000e+00,    4.18635e+02,    0.00000e+00,    1.39961e+02,    0.00000e+00,    3.20367e+01,    0.00000e+00,    3.71168e+01,    0.00000e+00,    9.02161e+00,    0.00000e+00,    9.05401e+00,    0.00000e+00,              3,              0,       1 meters
  09/05/2018 11:25:25.301,    2.14854e+00,    0.00000e+00,    2.14854e+00,    0.00000e+00,   -1.00000e-02,    0.00000e+00,    2.49320e+04,    0.00000e+00,    4.07989e+02,    0.00000e+00,    2.20348e+00,    0.00000e+00,    4.18421e+02,    0.00000e+00,    1.39985e+02,    0.00000e+00,    3.20380e+01,    0.00000e+00,    3.71144e+01,    0.00000e+00,    9.02456e+00,    0.00000e+00,    9.05615e+00,    0.00000e+00,              3,              0,       1 meters
  09/05/2018 11:25:26.278,    2.14923e+00,    0.00000e+00,    2.14923e+00,    0.00000e+00,   -1.00000e-02,    0.00000e+00,    2.49384e+04,    0.00000e+00,    4.08087e+02,    0.00000e+00,    2.20420e+00,    0.00000e+00,    4.18524e+02,    0.00000e+00,    1.39985e+02,    0.00000e+00,    3.20396e+01,    0.00000e+00,    3.71161e+01,    0.00000e+00,    9.02153e+00,    0.00000e+00,    9.05363e+00,    0.00000e+00,              3,              0,       1 meters
  09/05/2018 11:25:27.255,    2.14662e+00,    0.00000e+00,    2.14662e+00,    0.00000e+00,   -1.00000e-02,    0.00000e+00,    2.49974e+04,    0.00000e+00,    4.08074e+02,    0.00000e+00,    2.20165e+00,    0.00000e+00,    4.18536e+02,    0.00000e+00,    1.39972e+02,    0.00000e+00,    3.20411e+01,    0.00000e+00,    3.71224e+01,    0.00000e+00,    9.02616e+00,    0.00000e+00,    9.04834e+00,    0.00000e+00,              3,              0,       1 meters
  09/05/2018 11:25:28.232,    2.14596e+00,    0.00000e+00,    2.14596e+00,    0.00000e+00,   -1.00000e-02,    0.00000e+00,    2.49407e+04,    0.00000e+00,    4.08369e+02,    0.00000e+00,    2.20085e+00,    0.00000e+00,    4.18814e+02,    0.00000e+00,    1.39993e+02,    0.00000e+00,    3.20426e+01,    0.00000e+00,    3.71242e+01,    0.00000e+00,    9.01968e+00,    0.00000e+00,    9.05113e+00,    0.00000e+00,              3,              0,       1 meters
  09/05/2018 11:25:29.209,    2.14720e+00,    0.00000e+00,    2.14720e+00,    0.00000e+00,   -1.00000e-02,    0.00000e+00,    2.50035e+04,    0.00000e+00,    4.07888e+02,    0.00000e+00,    2.20226e+00,    0.00000e+00,    4.18348e+02,    0.00000e+00,    1.40006e+02,    0.00000e+00,    3.20441e+01,    0.00000e+00,    3.71265e+01,    0.00000e+00,    9.01817e+00,    0.00000e+00,    9.05748e+00,    0.00000e+00,              3,              0,       1 meters
  09/05/2018 11:25:30.186,    2.14738e+00,    0.00000e+00,    2.14738e+00,    0.00000e+00,   -1.00000e-02,    0.00000e+00,    2.50207e+04,    0.00000e+00,    4.07624e+02,    0.00000e+00,    2.20248e+00,    0.00000e+00,    4.18084e+02,    0.00000e+00,    1.39982e+02,    0.00000e+00,    3.20454e+01,    0.00000e+00,    3.71273e+01,    0.00000e+00,    9.02322e+00,    0.00000e+00,    9.05593e+00,    0.00000e+00,              3,              0,       1 meters
  09/05/2018 11:25:31.163,    2.14777e+00,    0.00000e+00,    2.14777e+00,    0.00000e+00,   -1.00000e-02,    0.00000e+00,    2.50441e+04,    0.00000e+00,    4.07828e+02,    0.00000e+00,    2.20294e+00,    0.00000e+00,    4.18304e+02,    0.00000e+00,    1.39996e+02,    0.00000e+00,    3.20461e+01,    0.00000e+00,    3.71318e+01,    0.00000e+00,    9.02026e+00,    0.00000e+00,    9.05002e+00,    0.00000e+00,              3,              0,       1 meters
  09/05/2018 11:25:32.140,    2.14908e+00,    0.00000e+00,    2.14908e+00,    0.00000e+00,   -1.00000e-02,    0.00000e+00,    2.50677e+04,    0.00000e+00,    4.07780e+02,    0.00000e+00,    2.20434e+00,    0.00000e+00,    4.18265e+02,    0.00000e+00,    1.40009e+02,    0.00000e+00,    3.20478e+01,    0.00000e+00,    3.71368e+01,    0.00000e+00,    9.02314e+00,    0.00000e+00,    9.05367e+00,    0.00000e+00,              3,              0,       1 meters
  09/05/2018 11:25:33.117,    2.14755e+00,    0.00000e+00,    2.14755e+00,    0.00000e+00,   -1.00000e-02,    0.00000e+00,    2.50988e+04,    0.00000e+00,    4.07881e+02,    0.00000e+00,    2.20284e+00,    0.00000e+00,    4.18382e+02,    0.00000e+00,    1.39994e+02,    0.00000e+00,    3.20506e+01,    0.00000e+00,    3.71384e+01,    0.00000e+00,    9.02234e+00,    0.00000e+00,    9.04884e+00,    0.00000e+00,              3,              0,       1 meters
  09/05/2018 11:25:34.094,    2.14800e+00,    0.00000e+00,    2.14800e+00,    0.00000e+00,   -1.00000e-02,    0.00000e+00,    2.51328e+04,    0.00000e+00,    4.07458e+02,    0.00000e+00,    2.20337e+00,    0.00000e+00,    4.17962e+02,    0.00000e+00,    1.40003e+02,    0.00000e+00,    3.20522e+01,    0.00000e+00,    3.71425e+01,    0.00000e+00,    9.02218e+00,    0.00000e+00,    9.05460e+00,    0.00000e+00,              3,              0,       1 meters
  09/05/2018 11:25:35.072,    2.14543e+00,    0.00000e+00,    2.14543e+00,    0.00000e+00,   -1.00000e-02,    0.00000e+00,    2.51353e+04,    0.00000e+00,    4.07662e+02,    0.00000e+00,    2.20075e+00,    0.00000e+00,    4.18173e+02,    0.00000e+00,    1.40010e+02,    0.00000e+00,    3.20537e+01,    0.00000e+00,    3.71455e+01,    0.00000e+00,    9.01967e+00,    0.00000e+00,    9.05206e+00,    0.00000e+00,              3,              0,       1 meters
  09/05/2018 11:25:36.047,    2.14466e+00,    0.00000e+00,    2.14466e+00,    0.00000e+00,   -1.00000e-02,    0.00000e+00,    2.51866e+04,    0.00000e+00,    4.07616e+02,    0.00000e+00,    2.20007e+00,    0.00000e+00,    4.18147e+02,    0.00000e+00,    1.39993e+02,    0.00000e+00,    3.20559e+01,    0.00000e+00,    3.71510e+01,    0.00000e+00,    9.02289e+00,    0.00000e+00,    9.04705e+00,    0.00000e+00,              3,              0,       1 meters
  09/05/2018 11:25:37.024,    2.14326e+00,    0.00000e+00,    2.14326e+00,    0.00000e+00,   -1.00000e-02,    0.00000e+00,    2.51752e+04,    0.00000e+00,    4.07446e+02,    0.00000e+00,    2.19861e+00,    0.00000e+00,    4.17968e+02,    0.00000e+00,    1.40002e+02,    0.00000e+00,    3.20571e+01,    0.00000e+00,    3.71506e+01,    0.00000e+00,    9.01921e+00,    0.00000e+00,    9.04997e+00,    0.00000e+00,              3,              0,       1 meters
  09/05/2018 11:25:38.001,    2.14326e+00,    0.00000e+00,    2.14326e+00,    0.00000e+00,   -1.00000e-02,    0.00000e+00,    2.52461e+04,    0.00000e+00,    4.07176e+02,    0.00000e+00,    2.19877e+00,    0.00000e+00,    4.17722e+02,    0.00000e+00,    1.39991e+02,    0.00000e+00,    3.20586e+01,    0.00000e+00,    3.71557e+01,    0.00000e+00,    9.02160e+00,    0.00000e+00,    9.05081e+00,    0.00000e+00,              3,              0,       1 meters
  09/05/2018 11:25:38.978,    2.14337e+00,    0.00000e+00,    2.14337e+00,    0.00000e+00,   -1.00000e-02,    0.00000e+00,    2.53190e+04,    0.00000e+00,    4.07200e+02,    0.00000e+00,    2.19905e+00,    0.00000e+00,    4.17778e+02,    0.00000e+00,    1.39990e+02,    0.00000e+00,    3.20616e+01,    0.00000e+00,    3.71626e+01,    0.00000e+00,    9.01786e+00,    0.00000e+00,    9.05066e+00,    0.00000e+00,              3,              0,       1 meters
  09/05/2018 11:25:39.954,    2.14110e+00,    0.00000e+00,    2.14110e+00,    0.00000e+00,   -1.00000e-02,    0.00000e+00,    2.52495e+04,    0.00000e+00,    4.07282e+02,    0.00000e+00,    2.19656e+00,    0.00000e+00,    4.17832e+02,    0.00000e+00,    1.39996e+02,    0.00000e+00,    3.20618e+01,    0.00000e+00,    3.71630e+01,    0.00000e+00,    9.02140e+00,    0.00000e+00,    9.04810e+00,    0.00000e+00,              3,              0,       1 meters
  09/05/2018 11:25:40.931,    2.14269e+00,    0.00000e+00,    2.14269e+00,    0.00000e+00,   -1.00000e-02,    0.00000e+00,    2.52864e+04,    0.00000e+00,    4.07360e+02,    0.00000e+00,    2.19828e+00,    0.00000e+00,    4.17928e+02,    0.00000e+00,    1.39976e+02,    0.00000e+00,    3.20631e+01,    0.00000e+00,    3.71659e+01,    0.00000e+00,    9.02203e+00,    0.00000e+00,    9.04758e+00,    0.00000e+00,              3,              0,       1 meters
  09/05/2018 11:25:41.908,    2.13945e+00,    0.00000e+00,    2.13945e+00,    0.00000e+00,   -1.00000e-02,    0.00000e+00,    2.53560e+04,    0.00000e+00,    4.07432e+02,    0.00000e+00,    2.19511e+00,    0.00000e+00,    4.18032e+02,    0.00000e+00,    1.39983e+02,    0.00000e+00,    3.20638e+01,    0.00000e+00,    3.71722e+01,    0.00000e+00,    9.02016e+00,    0.00000e+00,    9.04580e+00,    0.00000e+00,              3,              0,       1 meters
  09/05/2018 11:25:42.885,    2.13963e+00,    0.00000e+00,    2.13963e+00,    0.00000e+00,   -1.00000e-02,    0.00000e+00,    2.53698e+04,    0.00000e+00,    4.06998e+02,    0.00000e+00,    2.19532e+00,    0.00000e+00,    4.17592e+02,    0.00000e+00,    1.39990e+02,    0.00000e+00,    3.20652e+01,    0.00000e+00,    3.71738e+01,    0.00000e+00,    9.01837e+00,    0.00000e+00,    9.05022e+00,    0.00000e+00,              3,              0,       1 meters
  09/05/2018 11:25:43.862,    2.13467e+00,    0.00000e+00,    2.13467e+00,    0.00000e+00,   -1.00000e-02,    0.00000e+00,    2.53350e+04,    0.00000e+00,    4.07471e+02,    0.00000e+00,    2.19015e+00,    0.00000e+00,    4.18063e+02,    0.00000e+00,    1.39967e+02,    0.00000e+00,    3.20680e+01,    0.00000e+00,    3.71805e+01,    0.00000e+00,    9.02427e+00,    0.00000e+00,    9.04521e+00,    0.00000e+00,              3,              0,       1 meters
  09/05/2018 11:25:44.839,    2.13371e+00,    0.00000e+00,    2.13371e+00,    0.00000e+00,   -1.00000e-02,    0.00000e+00,    2.53370e+04,    0.00000e+00,    4.07215e+02,    0.00000e+00,    2.18918e+00,    0.00000e+00,    4.17801e+02,    0.00000e+00,    1.39983e+02,    0.00000e+00,    3.20695e+01,    0.00000e+00,    3.71815e+01,    0.00000e+00,    9.02374e+00,    0.00000e+00,    9.04904e+00,    0.00000e+00,              3,              0,       1 meters
  09/05/2018 11:25:45.816,    2.13186e+00,    0.00000e+00,    2.13186e+00,    0.00000e+00,   -1.00000e-02,    0.00000e+00,    2.53090e+04,    0.00000e+00,    4.06774e+02,    0.00000e+00,    2.18721e+00,    0.00000e+00,    4.17336e+02,    0.00000e+00,    1.39992e+02,    0.00000e+00,    3.20711e+01,    0.00000e+00,    3.71838e+01,    0.00000e+00,    9.02508e+00,    0.00000e+00,    9.05188e+00,    0.00000e+00,              3,              0,       1 meters
  09/05/2018 11:25:46.792,    2.13290e+00,    0.00000e+00,    2.13290e+00,    0.00000e+00,   -1.00000e-02,    0.00000e+00,    2.54144e+04,    0.00000e+00,    4.06402e+02,    0.00000e+00,    2.18852e+00,    0.00000e+00,    4.17000e+02,    0.00000e+00,    1.39973e+02,    0.00000e+00,    3.20730e+01,    0.00000e+00,    3.71910e+01,    0.00000e+00,    9.02029e+00,    0.00000e+00,    9.05083e+00,    0.00000e+00,              3,              0,       1 meters
  09/05/2018 11:25:47.769,    2.13197e+00,    0.00000e+00,    2.13197e+00,    0.00000e+00,   -1.00000e-02,    0.00000e+00,    2.53443e+04,    0.00000e+00,    4.06739e+02,    0.00000e+00,    2.18740e+00,    0.00000e+00,    4.17316e+02,    0.00000e+00,    1.39987e+02,    0.00000e+00,    3.20746e+01,    0.00000e+00,    3.71908e+01,    0.00000e+00,    9.01916e+00,    0.00000e+00,    9.04750e+00,    0.00000e+00,              3,              0,       1 meters
  09/05/2018 11:25:48.746,    2.12982e+00,    0.00000e+00,    2.12982e+00,    0.00000e+00,   -1.00000e-02,    0.00000e+00,    2.54338e+04,    0.00000e+00,    4.06391e+02,    0.00000e+00,    2.18541e+00,    0.00000e+00,    4.16997e+02,    0.00000e+00,    1.40003e+02,    0.00000e+00,    3.20759e+01,    0.00000e+00,    3.71919e+01,    0.00000e+00,    9.01651e+00,    0.00000e+00,    9.04983e+00,    0.00000e+00,              3,              0,       1 meters
  09/05/2018 11:25:49.723,    2.13089e+00,    0.00000e+00,    2.13089e+00,    0.00000e+00,   -1.00000e-02,    0.00000e+00,    2.53616e+04,    0.00000e+00,    4.06832e+02,    0.00000e+00,    2.18634e+00,    0.00000e+00,    4.17419e+02,    0.00000e+00,    1.39988e+02,    0.00000e+00,    3.20775e+01,    0.00000e+00,    3.71946e+01,    0.00000e+00,    9.01584e+00,    0.00000e+00,    9.05022e+00,    0.00000e+00,              3,              0,       1 meters
  09/05/2018 11:25:50.700,    2.12829e+00,    0.00000e+00,    2.12829e+00,    0.00000e+00,   -1.00000e-02,    0.00000e+00,    2.53795e+04,    0.00000e+00,    4.06898e+02,    0.00000e+00,    2.18371e+00,    0.00000e+00,    4.17494e+02,    0.00000e+00,    1.39993e+02,    0.00000e+00,    3.20790e+01,    0.00000e+00,    3.71969e+01,    0.00000e+00,    9.02138e+00,    0.00000e+00,    9.04559e+00,    0.00000e+00,              3,              0,       1 meters
  09/05/2018 11:25:51.676,    2.12542e+00,    0.00000e+00,    2.12542e+00,    0.00000e+00,   -1.00000e-02,    0.00000e+00,    2.53711e+04,    0.00000e+00,    4.06638e+02,    0.00000e+00,    2.18075e+00,    0.00000e+00,    4.17223e+02,    0.00000e+00,    1.40010e+02,    0.00000e+00,    3.20804e+01,    0.00000e+00,    3.71998e+01,    0.00000e+00,    9.02053e+00,    0.00000e+00,    9.05070e+00,    0.00000e+00,              3,              0,       1 meters
  09/05/2018 11:25:52.653,    2.12689e+00,    0.00000e+00,    2.12689e+00,    0.00000e+00,   -1.00000e-02,    0.00000e+00,    2.54667e+04,    0.00000e+00,    4.06428e+02,    0.00000e+00,    2.18247e+00,    0.00000e+00,    4.17049e+02,    0.00000e+00,    1.39993e+02,    0.00000e+00,    3.20810e+01,    0.00000e+00,    3.72055e+01,    0.00000e+00,    9.02001e+00,    0.00000e+00,    9.05454e+00,    0.00000e+00,              3,              0,       1 meters
  09/05/2018 11:25:53.630,    2.12248e+00,    0.00000e+00,    2.12248e+00,    0.00000e+00,   -1.00000e-02,    0.00000e+00,    2.54231e+04,    0.00000e+00,    4.07114e+02,    0.00000e+00,    2.17784e+00,    0.00000e+00,    4.17734e+02,    0.00000e+00,    1.39996e+02,    0.00000e+00,    3.20824e+01,    0.00000e+00,    3.72069e+01,    0.00000e+00,    9.02457e+00,    0.00000e+00,    9.04026e+00,    0.00000e+00,              3,              0,       1 meters
  09/05/2018 11:25:54.607,    2.12257e+00,    0.00000e+00,    2.12257e+00,    0.00000e+00,   -1.00000e-02,    0.00000e+00,    2.54467e+04,    0.00000e+00,    4.06887e+02,    0.00000e+00,    2.17799e+00,    0.00000e+00,    4.17511e+02,    0.00000e+00,    1.39987e+02,    0.00000e+00,    3.20852e+01,    0.00000e+00,    3.72102e+01,    0.00000e+00,    9.02071e+00,    0.00000e+00,    9.04256e+00,    0.00000e+00,              3,              0,       1 meters
  09/05/2018 11:25:55.584,    2.12028e+00,    0.00000e+00,    2.12028e+00,    0.00000e+00,   -1.00000e-02,    0.00000e+00,    2.54108e+04,    0.00000e+00,    4.06968e+02,    0.00000e+00,    2.17556e+00,    0.00000e+00,    4.17579e+02,    0.00000e+00,    1.39983e+02,    0.00000e+00,    3.20870e+01,    0.00000e+00,    3.72125e+01,    0.00000e+00,    9.02055e+00,    0.00000e+00,    9.04586e+00,    0.00000e+00,              3,              0,       1 meters
  09/05/2018 11:25:56.561,    2.11897e+00,    0.00000e+00,    2.11897e+00,    0.00000e+00,   -1.00000e-02,    0.00000e+00,    2.54522e+04,    0.00000e+00,    4.07082e+02,    0.00000e+00,    2.17431e+00,    0.00000e+00,    4.17714e+02,    0.00000e+00,    1.39990e+02,    0.00000e+00,    3.20887e+01,    0.00000e+00,    3.72159e+01,    0.00000e+00,    9.01918e+00,    0.00000e+00,    9.04091e+00,    0.00000e+00,              3,              0,       1 meters
  09/05/2018 11:25:57.538,    2.11849e+00,    0.00000e+00,    2.11849e+00,    0.00000e+00,   -1.00000e-02,    0.00000e+00,    2.54585e+04,    0.00000e+00,    4.06784e+02,    0.00000e+00,    2.17383e+00,    0.00000e+00,    4.17411e+02,    0.00000e+00,    1.39973e+02,    0.00000e+00,    3.20899e+01,    0.00000e+00,    3.72216e+01,    0.00000e+00,    9.01914e+00,    0.00000e+00,    9.05013e+00,    0.00000e+00,              3,              0,       1 meters
  09/05/2018 11:25:58.515,    2.11835e+00,    0.00000e+00,    2.11835e+00,    0.00000e+00,   -1.00000e-02,    0.00000e+00,    2.54405e+04,    0.00000e+00,    4.06987e+02,    0.00000e+00,    2.17365e+00,    0.00000e+00,    4.17611e+02,    0.00000e+00,    1.39987e+02,    0.00000e+00,    3.20916e+01,    0.00000e+00,    3.72242e+01,    0.00000e+00,    9.01647e+00,    0.00000e+00,    9.04443e+00,    0.00000e+00,              3,              0,       1 meters
  09/05/2018 11:25:59.491,    2.11385e+00,    0.00000e+00,    2.11385e+00,    0.00000e+00,   -1.00000e-02,    0.00000e+00,    2.54448e+04,    0.00000e+00,    4.06598e+02,    0.00000e+00,    2.16904e+00,    0.00000e+00,    4.17214e+02,    0.00000e+00,    1.39982e+02,    0.00000e+00,    3.20932e+01,    0.00000e+00,    3.72260e+01,    0.00000e+00,    9.01819e+00,    0.00000e+00,    9.05192e+00,    0.00000e+00,              3,              0,       1 meters
  09/05/2018 11:26:00.468,    2.11596e+00,    0.00000e+00,    2.11596e+00,    0.00000e+00,   -1.00000e-02,    0.00000e+00,    2.55661e+04,    0.00000e+00,    4.06571e+02,    0.00000e+00,    2.17147e+00,    0.00000e+00,    4.17238e+02,    0.00000e+00,    1.39973e+02,    0.00000e+00,    3.20948e+01,    0.00000e+00,    3.72294e+01,    0.00000e+00,    9.01328e+00,    0.00000e+00,    9.04513e+00,    0.00000e+00,              3,              0,       1 meters
  09/05/2018 11:26:01.446,    2.11340e+00,    0.00000e+00,    2.11340e+00,    0.00000e+00,   -1.00000e-02,    0.00000e+00,    2.55037e+04,    0.00000e+00,    4.06361e+02,    0.00000e+00,    2.16871e+00,    0.00000e+00,    4.16996e+02,    0.00000e+00,    1.39986e+02,    0.00000e+00,    3.20962e+01,    0.00000e+00,    3.72346e+01,    0.00000e+00,    9.01709e+00,    0.00000e+00,    9.04757e+00,    0.00000e+00,              3,              0,       1 meters
  09/05/2018 11:26:02.422,    2.11211e+00,    0.00000e+00,    2.11211e+00,    0.00000e+00,   -1.00000e-02,    0.00000e+00,    2.55177e+04,    0.00000e+00,    4.06350e+02,    0.00000e+00,    2.16742e+00,    0.00000e+00,    4.16991e+02,    0.00000e+00,    1.40006e+02,    0.00000e+00,    3.20976e+01,    0.00000e+00,    3.72357e+01,    0.00000e+00,    9.02044e+00,    0.00000e+00,    9.05143e+00,    0.00000e+00,              3,              0,       1 meters
  09/05/2018 11:26:03.399,    2.11200e+00,    0.00000e+00,    2.11200e+00,    0.00000e+00,   -1.00000e-02,    0.00000e+00,    2.55454e+04,    0.00000e+00,    4.06502e+02,    0.00000e+00,    2.16736e+00,    0.00000e+00,    4.17159e+02,    0.00000e+00,    1.39991e+02,    0.00000e+00,    3.20980e+01,    0.00000e+00,    3.72394e+01,    0.00000e+00,    9.01230e+00,    0.00000e+00,    9.04942e+00,    0.00000e+00,              3,              0,       1 meters
