VC:46e9e7d BD:Jun  9 2016 SN:US4300160800001173
                     Time,      [CH4]_ppm,   [CH4]_ppm_sd,     [CH4L]_ppm,  [CH4L]_ppm_sd,     [CH4H]_ppm,  [CH4H]_ppm_sd,      [H2O]_ppm,   [H2O]_ppm_sd,      [CO2]_ppm,   [CO2]_ppm_sd,     [CH4]d_ppm,  [CH4]d_ppm_sd,     [CO2]d_ppm,  [CO2]d_ppm_sd,      GasP_torr,   GasP_torr_sd,         GasT_C,      GasT_C_sd,         AmbT_C,      AmbT_C_sd,         RD0_us,      RD0_us_sd,         RD1_us,      RD1_us_sd,       Fit_Flag,      MIU_VALVE,       MIU_DESC
  07/24/2018 10:10:34.309,    2.00207e+00,    0.00000e+00,    2.00207e+00,    0.00000e+00,   -1.00000e-02,    0.00000e+00,    1.18228e+04,    0.00000e+00,    4.12883e+02,    0.00000e+00,    2.02603e+00,    0.00000e+00,    4.17822e+02,    0.00000e+00,    1.40197e+02,    0.00000e+00,    2.56649e+01,    0.00000e+00,    2.98496e+01,    0.00000e+00,    1.06157e+01,    0.00000e+00,    1.17515e+01,    0.00000e+00,              3,              0,       1 meters
  07/24/2018 10:10:35.305,    2.00206e+00,    0.00000e+00,    2.00206e+00,    0.00000e+00,   -1.00000e-02,    0.00000e+00,    1.18797e+04,    0.00000e+00,    4.12614e+02,    0.00000e+00,    2.02613e+00,    0.00000e+00,    4.17575e+02,    0.00000e+00,    1.40218e+02,    0.00000e+00,    2.56666e+01,    0.00000e+00,    2.98582e+01,    0.00000e+00,    1.06202e+01,    0.00000e+00,    1.17469e+01,    0.00000e+00,              3,              0,       1 meters
  07/24/2018 10:10:36.301,    2.00304e+00,    0.00000e+00,    2.00304e+00,    0.00000e+00,   -1.00000e-02,    0.00000e+00,    1.18781e+04,    0.00000e+00,    4.12998e+02,    0.00000e+00,    2.02712e+00,    0.00000e+00,    4.17962e+02,    0.00000e+00,    1.40168e+02,    0.00000e+00,    2.56684e+01,    0.00000e+00,    2.98691e+01,    0.00000e+00,    1.06207e+01,    0.00000e+00,    1.17475e+01,    0.00000e+00,              3,              0,       1 meters
  07/24/2018 10:10:37.297,    2.00291e+00,    0.00000e+00,    2.00291e+00,    0.00000e+00,   -1.00000e-02,    0.00000e+00,    1.18969e+04,    0.00000e+00,    4.12719e+02,    0.00000e+00,    2.02702e+00,    0.00000e+00,    4.17688e+02,    0.00000e+00,    1.40221e+02,    0.00000e+00,    2.56700e+01,    0.00000e+00,    2.98771e+01,    0.00000e+00,    1.06181e+01,    0.00000e+00,    1.17487e+01,    0.00000e+00,              3,              0,       1 meters
  07/24/2018 10:10:38.293,    2.00199e+00,    0.00000e+00,    2.00199e+00,    0.00000e+00,   -1.00000e-02,    0.00000e+00,    1.18997e+04,    0.00000e+00,    4.13091e+02,    0.00000e+00,    2.02610e+00,    0.00000e+00,    4.18066e+02,    0.00000e+00,    1.40198e+02,    0.00000e+00,    2.56722e+01,    0.00000e+00,    2.98874e+01,    0.00000e+00,    1.06193e+01,    0.00000e+00,    1.17486e+01,    0.00000e+00,              3,              0,       1 meters
  07/24/2018 10:10:39.288,    2.00204e+00,    0.00000e+00,    2.00204e+00,    0.00000e+00,   -1.00000e-02,    0.00000e+00,    1.19190e+04,    0.00000e+00,    4.12771e+02,    0.00000e+00,    2.02619e+00,    0.00000e+00,    4.17750e+02,    0.00000e+00,    1.40168e+02,    0.00000e+00,    2.56738e+01,    0.00000e+00,    2.98975e+01,    0.00000e+00,    1.06175e+01,    0.00000e+00,    1.17486e+01,    0.00000e+00,              3,              0,       1 meters
  07/24/2018 10:10:40.282,    2.00341e+00,    0.00000e+00,    2.00341e+00,    0.00000e+00,   -1.00000e-02,    0.00000e+00,    1.18801e+04,    0.00000e+00,    4.12706e+02,    0.00000e+00,    2.02750e+00,    0.00000e+00,    4.17668e+02,    0.00000e+00,    1.40217e+02,    0.00000e+00,    2.56753e+01,    0.00000e+00,    2.99008e+01,    0.00000e+00,    1.06195e+01,    0.00000e+00,    1.17508e+01,    0.00000e+00,              3,              0,       1 meters
  07/24/2018 10:10:41.289,    2.00394e+00,    0.00000e+00,    2.00394e+00,    0.00000e+00,   -1.00000e-02,    0.00000e+00,    1.19882e+04,    0.00000e+00,    4.12753e+02,    0.00000e+00,    2.02825e+00,    0.00000e+00,    4.17761e+02,    0.00000e+00,    1.40168e+02,    0.00000e+00,    2.56770e+01,    0.00000e+00,    2.99110e+01,    0.00000e+00,    1.06199e+01,    0.00000e+00,    1.17487e+01,    0.00000e+00,              3,              0,       1 meters
  07/24/2018 10:10:42.284,    2.00230e+00,    0.00000e+00,    2.00230e+00,    0.00000e+00,   -1.00000e-02,    0.00000e+00,    1.19012e+04,    0.00000e+00,    4.12775e+02,    0.00000e+00,    2.02641e+00,    0.00000e+00,    4.17747e+02,    0.00000e+00,    1.40221e+02,    0.00000e+00,    2.56787e+01,    0.00000e+00,    2.99137e+01,    0.00000e+00,    1.06171e+01,    0.00000e+00,    1.17501e+01,    0.00000e+00,              3,              0,       1 meters
  07/24/2018 10:10:43.280,    2.00237e+00,    0.00000e+00,    2.00237e+00,    0.00000e+00,   -1.00000e-02,    0.00000e+00,    1.20033e+04,    0.00000e+00,    4.12661e+02,    0.00000e+00,    2.02670e+00,    0.00000e+00,    4.17675e+02,    0.00000e+00,    1.40207e+02,    0.00000e+00,    2.56804e+01,    0.00000e+00,    2.99230e+01,    0.00000e+00,    1.06187e+01,    0.00000e+00,    1.17495e+01,    0.00000e+00,              3,              0,       1 meters
  07/24/2018 10:10:44.276,    2.00229e+00,    0.00000e+00,    2.00229e+00,    0.00000e+00,   -1.00000e-02,    0.00000e+00,    1.19543e+04,    0.00000e+00,    4.12405e+02,    0.00000e+00,    2.02651e+00,    0.00000e+00,    4.17395e+02,    0.00000e+00,    1.40170e+02,    0.00000e+00,    2.56824e+01,    0.00000e+00,    2.99318e+01,    0.00000e+00,    1.06215e+01,    0.00000e+00,    1.17539e+01,    0.00000e+00,              3,              0,       1 meters
  07/24/2018 10:10:45.270,    2.00290e+00,    0.00000e+00,    2.00290e+00,    0.00000e+00,   -1.00000e-02,    0.00000e+00,    1.19574e+04,    0.00000e+00,    4.12809e+02,    0.00000e+00,    2.02714e+00,    0.00000e+00,    4.17804e+02,    0.00000e+00,    1.40215e+02,    0.00000e+00,    2.56839e+01,    0.00000e+00,    2.99354e+01,    0.00000e+00,    1.06181e+01,    0.00000e+00,    1.17489e+01,    0.00000e+00,              3,              0,       1 meters
  07/24/2018 10:10:46.266,    2.00232e+00,    0.00000e+00,    2.00232e+00,    0.00000e+00,   -1.00000e-02,    0.00000e+00,    1.20041e+04,    0.00000e+00,    4.12745e+02,    0.00000e+00,    2.02665e+00,    0.00000e+00,    4.17760e+02,    0.00000e+00,    1.40203e+02,    0.00000e+00,    2.56859e+01,    0.00000e+00,    2.99407e+01,    0.00000e+00,    1.06197e+01,    0.00000e+00,    1.17501e+01,    0.00000e+00,              3,              0,       1 meters
  07/24/2018 10:10:47.262,    2.00382e+00,    0.00000e+00,    2.00382e+00,    0.00000e+00,   -1.00000e-02,    0.00000e+00,    1.19961e+04,    0.00000e+00,    4.12682e+02,    0.00000e+00,    2.02815e+00,    0.00000e+00,    4.17692e+02,    0.00000e+00,    1.40190e+02,    0.00000e+00,    2.56875e+01,    0.00000e+00,    2.99468e+01,    0.00000e+00,    1.06179e+01,    0.00000e+00,    1.17500e+01,    0.00000e+00,              3,              0,       1 meters
  07/24/2018 10:10:48.256,    2.00388e+00,    0.00000e+00,    2.00388e+00,    0.00000e+00,   -1.00000e-02,    0.00000e+00,    1.20886e+04,    0.00000e+00,    4.12527e+02,    0.00000e+00,    2.02840e+00,    0.00000e+00,    4.17575e+02,    0.00000e+00,    1.40206e+02,    0.00000e+00,    2.56891e+01,    0.00000e+00,    2.99532e+01,    0.00000e+00,    1.06169e+01,    0.00000e+00,    1.17485e+01,    0.00000e+00,              3,              0,       1 meters
  07/24/2018 10:10:49.253,    2.00359e+00,    0.00000e+00,    2.00359e+00,    0.00000e+00,   -1.00000e-02,    0.00000e+00,    1.21077e+04,    0.00000e+00,    4.12770e+02,    0.00000e+00,    2.02814e+00,    0.00000e+00,    4.17829e+02,    0.00000e+00,    1.40171e+02,    0.00000e+00,    2.56913e+01,    0.00000e+00,    2.99654e+01,    0.00000e+00,    1.06168e+01,    0.00000e+00,    1.17468e+01,    0.00000e+00,              3,              0,       1 meters
  07/24/2018 10:10:50.247,    2.00342e+00,    0.00000e+00,    2.00342e+00,    0.00000e+00,   -1.00000e-02,    0.00000e+00,    1.22320e+04,    0.00000e+00,    4.12269e+02,    0.00000e+00,    2.02823e+00,    0.00000e+00,    4.17375e+02,    0.00000e+00,    1.40185e+02,    0.00000e+00,    2.56928e+01,    0.00000e+00,    2.99702e+01,    0.00000e+00,    1.06195e+01,    0.00000e+00,    1.17522e+01,    0.00000e+00,              3,              0,       1 meters
  07/24/2018 10:10:51.243,    2.00333e+00,    0.00000e+00,    2.00333e+00,    0.00000e+00,   -1.00000e-02,    0.00000e+00,    1.23475e+04,    0.00000e+00,    4.11992e+02,    0.00000e+00,    2.02837e+00,    0.00000e+00,    4.17142e+02,    0.00000e+00,    1.40196e+02,    0.00000e+00,    2.56943e+01,    0.00000e+00,    2.99728e+01,    0.00000e+00,    1.06188e+01,    0.00000e+00,    1.17504e+01,    0.00000e+00,              3,              0,       1 meters
  07/24/2018 10:10:52.238,    2.00240e+00,    0.00000e+00,    2.00240e+00,    0.00000e+00,   -1.00000e-02,    0.00000e+00,    1.24214e+04,    0.00000e+00,    4.11845e+02,    0.00000e+00,    2.02758e+00,    0.00000e+00,    4.17025e+02,    0.00000e+00,    1.40189e+02,    0.00000e+00,    2.56963e+01,    0.00000e+00,    2.99829e+01,    0.00000e+00,    1.06215e+01,    0.00000e+00,    1.17512e+01,    0.00000e+00,              3,              0,       1 meters
  07/24/2018 10:10:53.234,    2.00317e+00,    0.00000e+00,    2.00317e+00,    0.00000e+00,   -1.00000e-02,    0.00000e+00,    1.25375e+04,    0.00000e+00,    4.11614e+02,    0.00000e+00,    2.02860e+00,    0.00000e+00,    4.16841e+02,    0.00000e+00,    1.40205e+02,    0.00000e+00,    2.56979e+01,    0.00000e+00,    2.99882e+01,    0.00000e+00,    1.06202e+01,    0.00000e+00,    1.17514e+01,    0.00000e+00,              3,              0,       1 meters
  07/24/2018 10:10:54.232,    2.00266e+00,    0.00000e+00,    2.00266e+00,    0.00000e+00,   -1.00000e-02,    0.00000e+00,    1.25845e+04,    0.00000e+00,    4.11704e+02,    0.00000e+00,    2.02819e+00,    0.00000e+00,    4.16951e+02,    0.00000e+00,    1.40205e+02,    0.00000e+00,    2.56997e+01,    0.00000e+00,    2.99953e+01,    0.00000e+00,    1.06193e+01,    0.00000e+00,    1.17509e+01,    0.00000e+00,              3,              0,       1 meters
  07/24/2018 10:10:55.225,    2.00307e+00,    0.00000e+00,    2.00307e+00,    0.00000e+00,   -1.00000e-02,    0.00000e+00,    1.26835e+04,    0.00000e+00,    4.11568e+02,    0.00000e+00,    2.02880e+00,    0.00000e+00,    4.16855e+02,    0.00000e+00,    1.40211e+02,    0.00000e+00,    2.57014e+01,    0.00000e+00,    3.00032e+01,    0.00000e+00,    1.06207e+01,    0.00000e+00,    1.17510e+01,    0.00000e+00,              3,              0,       1 meters
  07/24/2018 10:10:56.220,    2.00407e+00,    0.00000e+00,    2.00407e+00,    0.00000e+00,   -1.00000e-02,    0.00000e+00,    1.27135e+04,    0.00000e+00,    4.11457e+02,    0.00000e+00,    2.02988e+00,    0.00000e+00,    4.16755e+02,    0.00000e+00,    1.40196e+02,    0.00000e+00,    2.57029e+01,    0.00000e+00,    3.00138e+01,    0.00000e+00,    1.06179e+01,    0.00000e+00,    1.17489e+01,    0.00000e+00,              3,              0,       1 meters
  07/24/2018 10:10:57.216,    2.00556e+00,    0.00000e+00,    2.00556e+00,    0.00000e+00,   -1.00000e-02,    0.00000e+00,    1.27252e+04,    0.00000e+00,    4.11735e+02,    0.00000e+00,    2.03141e+00,    0.00000e+00,    4.17042e+02,    0.00000e+00,    1.40188e+02,    0.00000e+00,    2.57050e+01,    0.00000e+00,    3.00204e+01,    0.00000e+00,    1.06173e+01,    0.00000e+00,    1.17499e+01,    0.00000e+00,              3,              0,       1 meters
  07/24/2018 10:10:58.210,    2.00352e+00,    0.00000e+00,    2.00352e+00,    0.00000e+00,   -1.00000e-02,    0.00000e+00,    1.27267e+04,    0.00000e+00,    4.11283e+02,    0.00000e+00,    2.02935e+00,    0.00000e+00,    4.16585e+02,    0.00000e+00,    1.40187e+02,    0.00000e+00,    2.57067e+01,    0.00000e+00,    3.00274e+01,    0.00000e+00,    1.06177e+01,    0.00000e+00,    1.17508e+01,    0.00000e+00,              3,              0,       1 meters
  07/24/2018 10:10:59.207,    2.00486e+00,    0.00000e+00,    2.00486e+00,    0.00000e+00,   -1.00000e-02,    0.00000e+00,    1.27142e+04,    0.00000e+00,    4.11612e+02,    0.00000e+00,    2.03068e+00,    0.00000e+00,    4.16913e+02,    0.00000e+00,    1.40185e+02,    0.00000e+00,    2.57083e+01,    0.00000e+00,    3.00324e+01,    0.00000e+00,    1.06180e+01,    0.00000e+00,    1.17484e+01,    0.00000e+00,              3,              0,       1 meters
  07/24/2018 10:11:00.202,    2.00271e+00,    0.00000e+00,    2.00271e+00,    0.00000e+00,   -1.00000e-02,    0.00000e+00,    1.26589e+04,    0.00000e+00,    4.11548e+02,    0.00000e+00,    2.02839e+00,    0.00000e+00,    4.16825e+02,    0.00000e+00,    1.40207e+02,    0.00000e+00,    2.57102e+01,    0.00000e+00,    3.00393e+01,    0.00000e+00,    1.06195e+01,    0.00000e+00,    1.17487e+01,    0.00000e+00,              3,              0,       1 meters
  07/24/2018 10:11:01.197,    2.00371e+00,    0.00000e+00,    2.00371e+00,    0.00000e+00,   -1.00000e-02,    0.00000e+00,    1.27449e+04,    0.00000e+00,    4.11461e+02,    0.00000e+00,    2.02958e+00,    0.00000e+00,    4.16772e+02,    0.00000e+00,    1.40198e+02,    0.00000e+00,    2.57120e+01,    0.00000e+00,    3.00438e+01,    0.00000e+00,    1.06165e+01,    0.00000e+00,    1.17509e+01,    0.00000e+00,              3,              0,       1 meters
  07/24/2018 10:11:02.192,    2.00342e+00,    0.00000e+00,    2.00342e+00,    0.00000e+00,   -1.00000e-02,    0.00000e+00,    1.27067e+04,    0.00000e+00,    4.11412e+02,    0.00000e+00,    2.02921e+00,    0.00000e+00,    4.16707e+02,    0.00000e+00,    1.40175e+02,    0.00000e+00,    2.57137e+01,    0.00000e+00,    3.00517e+01,    0.00000e+00,    1.06179e+01,    0.00000e+00,    1.17524e+01,    0.00000e+00,              3,              0,       1 meters
  07/24/2018 10:11:03.188,    2.00356e+00,    0.00000e+00,    2.00356e+00,    0.00000e+00,   -1.00000e-02,    0.00000e+00,    1.27494e+04,    0.00000e+00,    4.11152e+02,    0.00000e+00,    2.02943e+00,    0.00000e+00,    4.16462e+02,    0.00000e+00,    1.40219e+02,    0.00000e+00,    2.57156e+01,    0.00000e+00,    3.00584e+01,    0.00000e+00,    1.06175e+01,    0.00000e+00,    1.17505e+01,    0.00000e+00,              3,              0,       1 meters
  07/24/2018 10:11:04.183,    2.00372e+00,    0.00000e+00,    2.00372e+00,    0.00000e+00,   -1.00000e-02,    0.00000e+00,    1.27424e+04,    0.00000e+00,    4.11334e+02,    0.00000e+00,    2.02958e+00,    0.00000e+00,    4.16643e+02,    0.00000e+00,    1.40189e+02,    0.00000e+00,    2.57173e+01,    0.00000e+00,    3.00680e+01,    0.00000e+00,    1.06170e+01,    0.00000e+00,    1.17488e+01,    0.00000e+00,              3,              0,       1 meters
  07/24/2018 10:11:05.178,    2.00461e+00,    0.00000e+00,    2.00461e+00,    0.00000e+00,   -1.00000e-02,    0.00000e+00,    1.27830e+04,    0.00000e+00,    4.11292e+02,    0.00000e+00,    2.03056e+00,    0.00000e+00,    4.16617e+02,    0.00000e+00,    1.40201e+02,    0.00000e+00,    2.57190e+01,    0.00000e+00,    3.00712e+01,    0.00000e+00,    1.06196e+01,    0.00000e+00,    1.17512e+01,    0.00000e+00,              3,              0,       1 meters
  07/24/2018 10:11:06.174,    2.00228e+00,    0.00000e+00,    2.00228e+00,    0.00000e+00,   -1.00000e-02,    0.00000e+00,    1.27541e+04,    0.00000e+00,    4.11218e+02,    0.00000e+00,    2.02814e+00,    0.00000e+00,    4.16531e+02,    0.00000e+00,    1.40221e+02,    0.00000e+00,    2.57206e+01,    0.00000e+00,    3.00775e+01,    0.00000e+00,    1.06207e+01,    0.00000e+00,    1.17501e+01,    0.00000e+00,              3,              0,       1 meters
  07/24/2018 10:11:07.169,    2.00469e+00,    0.00000e+00,    2.00469e+00,    0.00000e+00,   -1.00000e-02,    0.00000e+00,    1.28535e+04,    0.00000e+00,    4.11123e+02,    0.00000e+00,    2.03080e+00,    0.00000e+00,    4.16476e+02,    0.00000e+00,    1.40177e+02,    0.00000e+00,    2.57226e+01,    0.00000e+00,    3.00857e+01,    0.00000e+00,    1.06163e+01,    0.00000e+00,    1.17508e+01,    0.00000e+00,              3,              0,       1 meters
  07/24/2018 10:11:08.165,    2.00371e+00,    0.00000e+00,    2.00371e+00,    0.00000e+00,   -1.00000e-02,    0.00000e+00,    1.28279e+04,    0.00000e+00,    4.11253e+02,    0.00000e+00,    2.02974e+00,    0.00000e+00,    4.16598e+02,    0.00000e+00,    1.40216e+02,    0.00000e+00,    2.57242e+01,    0.00000e+00,    3.00919e+01,    0.00000e+00,    1.06161e+01,    0.00000e+00,    1.17509e+01,    0.00000e+00,              3,              0,       1 meters
  07/24/2018 10:11:09.159,    2.00446e+00,    0.00000e+00,    2.00446e+00,    0.00000e+00,   -1.00000e-02,    0.00000e+00,    1.27881e+04,    0.00000e+00,    4.11366e+02,    0.00000e+00,    2.03043e+00,    0.00000e+00,    4.16695e+02,    0.00000e+00,    1.40192e+02,    0.00000e+00,    2.57260e+01,    0.00000e+00,    3.00986e+01,    0.00000e+00,    1.06196e+01,    0.00000e+00,    1.17510e+01,    0.00000e+00,              3,              0,       1 meters
  07/24/2018 10:11:10.156,    2.00347e+00,    0.00000e+00,    2.00347e+00,    0.00000e+00,   -1.00000e-02,    0.00000e+00,    1.28211e+04,    0.00000e+00,    4.11249e+02,    0.00000e+00,    2.02949e+00,    0.00000e+00,    4.16590e+02,    0.00000e+00,    1.40169e+02,    0.00000e+00,    2.57285e+01,    0.00000e+00,    3.01058e+01,    0.00000e+00,    1.06218e+01,    0.00000e+00,    1.17504e+01,    0.00000e+00,              3,              0,       1 meters
  07/24/2018 10:11:11.152,    2.00304e+00,    0.00000e+00,    2.00304e+00,    0.00000e+00,   -1.00000e-02,    0.00000e+00,    1.27920e+04,    0.00000e+00,    4.10973e+02,    0.00000e+00,    2.02899e+00,    0.00000e+00,    4.16299e+02,    0.00000e+00,    1.40221e+02,    0.00000e+00,    2.57311e+01,    0.00000e+00,    3.01099e+01,    0.00000e+00,    1.06179e+01,    0.00000e+00,    1.17521e+01,    0.00000e+00,              3,              0,       1 meters
  07/24/2018 10:11:12.146,    2.00447e+00,    0.00000e+00,    2.00447e+00,    0.00000e+00,   -1.00000e-02,    0.00000e+00,    1.27774e+04,    0.00000e+00,    4.11251e+02,    0.00000e+00,    2.03041e+00,    0.00000e+00,    4.16574e+02,    0.00000e+00,    1.40180e+02,    0.00000e+00,    2.57336e+01,    0.00000e+00,    3.01148e+01,    0.00000e+00,    1.06193e+01,    0.00000e+00,    1.17486e+01,    0.00000e+00,              3,              0,       1 meters
  07/24/2018 10:11:13.142,    2.00466e+00,    0.00000e+00,    2.00466e+00,    0.00000e+00,   -1.00000e-02,    0.00000e+00,    1.27694e+04,    0.00000e+00,    4.11060e+02,    0.00000e+00,    2.03059e+00,    0.00000e+00,    4.16376e+02,    0.00000e+00,    1.40198e+02,    0.00000e+00,    2.57336e+01,    0.00000e+00,    3.01246e+01,    0.00000e+00,    1.06191e+01,    0.00000e+00,    1.17509e+01,    0.00000e+00,              3,              0,       1 meters
  07/24/2018 10:11:14.137,    2.00490e+00,    0.00000e+00,    2.00490e+00,    0.00000e+00,   -1.00000e-02,    0.00000e+00,    1.27365e+04,    0.00000e+00,    4.10875e+02,    0.00000e+00,    2.03076e+00,    0.00000e+00,    4.16176e+02,    0.00000e+00,    1.40218e+02,    0.00000e+00,    2.57352e+01,    0.00000e+00,    3.01288e+01,    0.00000e+00,    1.06172e+01,    0.00000e+00,    1.17518e+01,    0.00000e+00,              3,              0,       1 meters
  07/24/2018 10:11:15.132,    2.00475e+00,    0.00000e+00,    2.00475e+00,    0.00000e+00,   -1.00000e-02,    0.00000e+00,    1.27813e+04,    0.00000e+00,    4.11035e+02,    0.00000e+00,    2.03071e+00,    0.00000e+00,    4.16357e+02,    0.00000e+00,    1.40170e+02,    0.00000e+00,    2.57368e+01,    0.00000e+00,    3.01394e+01,    0.00000e+00,    1.06171e+01,    0.00000e+00,    1.17544e+01,    0.00000e+00,              3,              0,       1 meters
  07/24/2018 10:11:16.127,    2.00436e+00,    0.00000e+00,    2.00436e+00,    0.00000e+00,   -1.00000e-02,    0.00000e+00,    1.28009e+04,    0.00000e+00,    4.10997e+02,    0.00000e+00,    2.03035e+00,    0.00000e+00,    4.16326e+02,    0.00000e+00,    1.40220e+02,    0.00000e+00,    2.57388e+01,    0.00000e+00,    3.01432e+01,    0.00000e+00,    1.06169e+01,    0.00000e+00,    1.17516e+01,    0.00000e+00,              3,              0,       1 meters
  07/24/2018 10:11:17.124,    2.00355e+00,    0.00000e+00,    2.00355e+00,    0.00000e+00,   -1.00000e-02,    0.00000e+00,    1.26572e+04,    0.00000e+00,    4.10990e+02,    0.00000e+00,    2.02924e+00,    0.00000e+00,    4.16258e+02,    0.00000e+00,    1.40194e+02,    0.00000e+00,    2.57407e+01,    0.00000e+00,    3.01558e+01,    0.00000e+00,    1.06166e+01,    0.00000e+00,    1.17497e+01,    0.00000e+00,              3,              0,       1 meters
  07/24/2018 10:11:18.117,    2.00418e+00,    0.00000e+00,    2.00418e+00,    0.00000e+00,   -1.00000e-02,    0.00000e+00,    1.27048e+04,    0.00000e+00,    4.10795e+02,    0.00000e+00,    2.02997e+00,    0.00000e+00,    4.16081e+02,    0.00000e+00,    1.40166e+02,    0.00000e+00,    2.57423e+01,    0.00000e+00,    3.01640e+01,    0.00000e+00,    1.06172e+01,    0.00000e+00,    1.17513e+01,    0.00000e+00,              3,              0,       1 meters
  07/24/2018 10:11:19.114,    2.00335e+00,    0.00000e+00,    2.00335e+00,    0.00000e+00,   -1.00000e-02,    0.00000e+00,    1.26619e+04,    0.00000e+00,    4.10934e+02,    0.00000e+00,    2.02904e+00,    0.00000e+00,    4.16204e+02,    0.00000e+00,    1.40219e+02,    0.00000e+00,    2.57438e+01,    0.00000e+00,    3.01705e+01,    0.00000e+00,    1.06175e+01,    0.00000e+00,    1.17487e+01,    0.00000e+00,              3,              0,       1 meters
  07/24/2018 10:11:20.110,    2.00461e+00,    0.00000e+00,    2.00461e+00,    0.00000e+00,   -1.00000e-02,    0.00000e+00,    1.26477e+04,    0.00000e+00,    4.11008e+02,    0.00000e+00,    2.03029e+00,    0.00000e+00,    4.16273e+02,    0.00000e+00,    1.40173e+02,    0.00000e+00,    2.57453e+01,    0.00000e+00,    3.01795e+01,    0.00000e+00,    1.06159e+01,    0.00000e+00,    1.17517e+01,    0.00000e+00,              3,              0,       1 meters
  07/24/2018 10:11:21.104,    2.00509e+00,    0.00000e+00,    2.00509e+00,    0.00000e+00,   -1.00000e-02,    0.00000e+00,    1.26471e+04,    0.00000e+00,    4.11332e+02,    0.00000e+00,    2.03077e+00,    0.00000e+00,    4.16601e+02,    0.00000e+00,    1.40171e+02,    0.00000e+00,    2.57467e+01,    0.00000e+00,    3.01884e+01,    0.00000e+00,    1.06166e+01,    0.00000e+00,    1.17490e+01,    0.00000e+00,              3,              0,       1 meters
  07/24/2018 10:11:22.100,    2.00394e+00,    0.00000e+00,    2.00394e+00,    0.00000e+00,   -1.00000e-02,    0.00000e+00,    1.25616e+04,    0.00000e+00,    4.11159e+02,    0.00000e+00,    2.02944e+00,    0.00000e+00,    4.16390e+02,    0.00000e+00,    1.40213e+02,    0.00000e+00,    2.57483e+01,    0.00000e+00,    3.01940e+01,    0.00000e+00,    1.06181e+01,    0.00000e+00,    1.17497e+01,    0.00000e+00,              3,              0,       1 meters
  07/24/2018 10:11:23.095,    2.00274e+00,    0.00000e+00,    2.00274e+00,    0.00000e+00,   -1.00000e-02,    0.00000e+00,    1.25783e+04,    0.00000e+00,    4.11210e+02,    0.00000e+00,    2.02825e+00,    0.00000e+00,    4.16449e+02,    0.00000e+00,    1.40166e+02,    0.00000e+00,    2.57502e+01,    0.00000e+00,    3.02077e+01,    0.00000e+00,    1.06161e+01,    0.00000e+00,    1.17515e+01,    0.00000e+00,              3,              0,       1 meters
  07/24/2018 10:11:24.090,    2.00282e+00,    0.00000e+00,    2.00282e+00,    0.00000e+00,   -1.00000e-02,    0.00000e+00,    1.25259e+04,    0.00000e+00,    4.11073e+02,    0.00000e+00,    2.02823e+00,    0.00000e+00,    4.16287e+02,    0.00000e+00,    1.40220e+02,    0.00000e+00,    2.57520e+01,    0.00000e+00,    3.02118e+01,    0.00000e+00,    1.06208e+01,    0.00000e+00,    1.17513e+01,    0.00000e+00,              3,              0,       1 meters
  07/24/2018 10:11:25.085,    2.00311e+00,    0.00000e+00,    2.00311e+00,    0.00000e+00,   -1.00000e-02,    0.00000e+00,    1.25204e+04,    0.00000e+00,    4.11267e+02,    0.00000e+00,    2.02851e+00,    0.00000e+00,    4.16482e+02,    0.00000e+00,    1.40207e+02,    0.00000e+00,    2.57533e+01,    0.00000e+00,    3.02197e+01,    0.00000e+00,    1.06180e+01,    0.00000e+00,    1.17473e+01,    0.00000e+00,              3,              0,       1 meters
  07/24/2018 10:11:26.082,    2.00539e+00,    0.00000e+00,    2.00539e+00,    0.00000e+00,   -1.00000e-02,    0.00000e+00,    1.25197e+04,    0.00000e+00,    4.11235e+02,    0.00000e+00,    2.03082e+00,    0.00000e+00,    4.16449e+02,    0.00000e+00,    1.40165e+02,    0.00000e+00,    2.57555e+01,    0.00000e+00,    3.02284e+01,    0.00000e+00,    1.06172e+01,    0.00000e+00,    1.17525e+01,    0.00000e+00,              3,              0,       1 meters
  07/24/2018 10:11:27.077,    2.00384e+00,    0.00000e+00,    2.00384e+00,    0.00000e+00,   -1.00000e-02,    0.00000e+00,    1.23552e+04,    0.00000e+00,    4.10882e+02,    0.00000e+00,    2.02891e+00,    0.00000e+00,    4.16022e+02,    0.00000e+00,    1.40216e+02,    0.00000e+00,    2.57573e+01,    0.00000e+00,    3.02273e+01,    0.00000e+00,    1.06164e+01,    0.00000e+00,    1.17544e+01,    0.00000e+00,              3,              0,       1 meters
  07/24/2018 10:11:28.071,    2.00295e+00,    0.00000e+00,    2.00295e+00,    0.00000e+00,   -1.00000e-02,    0.00000e+00,    1.24008e+04,    0.00000e+00,    4.11007e+02,    0.00000e+00,    2.02810e+00,    0.00000e+00,    4.16168e+02,    0.00000e+00,    1.40200e+02,    0.00000e+00,    2.57588e+01,    0.00000e+00,    3.02392e+01,    0.00000e+00,    1.06201e+01,    0.00000e+00,    1.17502e+01,    0.00000e+00,              3,              0,       1 meters
  07/24/2018 10:11:29.067,    2.00191e+00,    0.00000e+00,    2.00191e+00,    0.00000e+00,   -1.00000e-02,    0.00000e+00,    1.23762e+04,    0.00000e+00,    4.11043e+02,    0.00000e+00,    2.02699e+00,    0.00000e+00,    4.16194e+02,    0.00000e+00,    1.40178e+02,    0.00000e+00,    2.57606e+01,    0.00000e+00,    3.02470e+01,    0.00000e+00,    1.06182e+01,    0.00000e+00,    1.17523e+01,    0.00000e+00,              3,              0,       1 meters
  07/24/2018 10:11:30.062,    2.00434e+00,    0.00000e+00,    2.00434e+00,    0.00000e+00,   -1.00000e-02,    0.00000e+00,    1.23802e+04,    0.00000e+00,    4.10770e+02,    0.00000e+00,    2.02946e+00,    0.00000e+00,    4.15920e+02,    0.00000e+00,    1.40209e+02,    0.00000e+00,    2.57623e+01,    0.00000e+00,    3.02540e+01,    0.00000e+00,    1.06181e+01,    0.00000e+00,    1.17521e+01,    0.00000e+00,              3,              0,       1 meters
  07/24/2018 10:11:31.058,    2.00484e+00,    0.00000e+00,    2.00484e+00,    0.00000e+00,   -1.00000e-02,    0.00000e+00,    1.23362e+04,    0.00000e+00,    4.10725e+02,    0.00000e+00,    2.02988e+00,    0.00000e+00,    4.15855e+02,    0.00000e+00,    1.40166e+02,    0.00000e+00,    2.57642e+01,    0.00000e+00,    3.02654e+01,    0.00000e+00,    1.06179e+01,    0.00000e+00,    1.17529e+01,    0.00000e+00,              3,              0,       1 meters
  07/24/2018 10:11:32.052,    2.00288e+00,    0.00000e+00,    2.00288e+00,    0.00000e+00,   -1.00000e-02,    0.00000e+00,    1.23228e+04,    0.00000e+00,    4.10925e+02,    0.00000e+00,    2.02787e+00,    0.00000e+00,    4.16051e+02,    0.00000e+00,    1.40185e+02,    0.00000e+00,    2.57655e+01,    0.00000e+00,    3.02748e+01,    0.00000e+00,    1.06182e+01,    0.00000e+00,    1.17496e+01,    0.00000e+00,              3,              0,       1 meters
  07/24/2018 10:11:33.050,    2.00381e+00,    0.00000e+00,    2.00381e+00,    0.00000e+00,   -1.00000e-02,    0.00000e+00,    1.23859e+04,    0.00000e+00,    4.10746e+02,    0.00000e+00,    2.02894e+00,    0.00000e+00,    4.15897e+02,    0.00000e+00,    1.40203e+02,    0.00000e+00,    2.57671e+01,    0.00000e+00,    3.02826e+01,    0.00000e+00,    1.06173e+01,    0.00000e+00,    1.17500e+01,    0.00000e+00,              3,              0,       1 meters
  07/24/2018 10:11:34.044,    2.00423e+00,    0.00000e+00,    2.00423e+00,    0.00000e+00,   -1.00000e-02,    0.00000e+00,    1.23425e+04,    0.00000e+00,    4.10783e+02,    0.00000e+00,    2.02928e+00,    0.00000e+00,    4.15917e+02,    0.00000e+00,    1.40171e+02,    0.00000e+00,    2.57693e+01,    0.00000e+00,    3.02922e+01,    0.00000e+00,    1.06174e+01,    0.00000e+00,    1.17518e+01,    0.00000e+00,              3,              0,       1 meters
  07/24/2018 10:11:35.039,    2.00273e+00,    0.00000e+00,    2.00273e+00,    0.00000e+00,   -1.00000e-02,    0.00000e+00,    1.23315e+04,    0.00000e+00,    4.10582e+02,    0.00000e+00,    2.02773e+00,    0.00000e+00,    4.15708e+02,    0.00000e+00,    1.40212e+02,    0.00000e+00,    2.57707e+01,    0.00000e+00,    3.02983e+01,    0.00000e+00,    1.06179e+01,    0.00000e+00,    1.17513e+01,    0.00000e+00,              3,              0,       1 meters
  07/24/2018 10:11:36.033,    2.00472e+00,    0.00000e+00,    2.00472e+00,    0.00000e+00,   -1.00000e-02,    0.00000e+00,    1.23943e+04,    0.00000e+00,    4.10579e+02,    0.00000e+00,    2.02988e+00,    0.00000e+00,    4.15732e+02,    0.00000e+00,    1.40199e+02,    0.00000e+00,    2.57727e+01,    0.00000e+00,    3.03093e+01,    0.00000e+00,    1.06175e+01,    0.00000e+00,    1.17548e+01,    0.00000e+00,              3,              0,       1 meters
  07/24/2018 10:11:37.029,    2.00537e+00,    0.00000e+00,    2.00537e+00,    0.00000e+00,   -1.00000e-02,    0.00000e+00,    1.24325e+04,    0.00000e+00,    4.10653e+02,    0.00000e+00,    2.03062e+00,    0.00000e+00,    4.15822e+02,    0.00000e+00,    1.40186e+02,    0.00000e+00,    2.57743e+01,    0.00000e+00,    3.03210e+01,    0.00000e+00,    1.06168e+01,    0.00000e+00,    1.17509e+01,    0.00000e+00,              3,              0,       1 meters
  07/24/2018 10:11:38.025,    2.00437e+00,    0.00000e+00,    2.00437e+00,    0.00000e+00,   -1.00000e-02,    0.00000e+00,    1.23989e+04,    0.00000e+00,    4.10485e+02,    0.00000e+00,    2.02954e+00,    0.00000e+00,    4.15638e+02,    0.00000e+00,    1.40206e+02,    0.00000e+00,    2.57762e+01,    0.00000e+00,    3.03263e+01,    0.00000e+00,    1.06193e+01,    0.00000e+00,    1.17488e+01,    0.00000e+00,              3,              0,       1 meters
  07/24/2018 10:11:39.020,    2.00461e+00,    0.00000e+00,    2.00461e+00,    0.00000e+00,   -1.00000e-02,    0.00000e+00,    1.24314e+04,    0.00000e+00,    4.10369e+02,    0.00000e+00,    2.02985e+00,    0.00000e+00,    4.15535e+02,    0.00000e+00,    1.40165e+02,    0.00000e+00,    2.57781e+01,    0.00000e+00,    3.03349e+01,    0.00000e+00,    1.06172e+01,    0.00000e+00,    1.17501e+01,    0.00000e+00,              3,              0,       1 meters
  07/24/2018 10:11:40.016,    2.00438e+00,    0.00000e+00,    2.00438e+00,    0.00000e+00,   -1.00000e-02,    0.00000e+00,    1.24855e+04,    0.00000e+00,    4.10388e+02,    0.00000e+00,    2.02973e+00,    0.00000e+00,    4.15577e+02,    0.00000e+00,    1.40199e+02,    0.00000e+00,    2.57795e+01,    0.00000e+00,    3.03407e+01,    0.00000e+00,    1.06188e+01,    0.00000e+00,    1.17491e+01,    0.00000e+00,              3,              0,       1 meters
  07/24/2018 10:11:41.011,    2.00486e+00,    0.00000e+00,    2.00486e+00,    0.00000e+00,   -1.00000e-02,    0.00000e+00,    1.24000e+04,    0.00000e+00,    4.10339e+02,    0.00000e+00,    2.03003e+00,    0.00000e+00,    4.15491e+02,    0.00000e+00,    1.40200e+02,    0.00000e+00,    2.57814e+01,    0.00000e+00,    3.03452e+01,    0.00000e+00,    1.06204e+01,    0.00000e+00,    1.17503e+01,    0.00000e+00,              3,              0,       1 meters
  07/24/2018 10:11:42.006,    2.00390e+00,    0.00000e+00,    2.00390e+00,    0.00000e+00,   -1.00000e-02,    0.00000e+00,    1.24167e+04,    0.00000e+00,    4.10345e+02,    0.00000e+00,    2.02910e+00,    0.00000e+00,    4.15504e+02,    0.00000e+00,    1.40174e+02,    0.00000e+00,    2.57832e+01,    0.00000e+00,    3.03560e+01,    0.00000e+00,    1.06214e+01,    0.00000e+00,    1.17490e+01,    0.00000e+00,              3,              0,       1 meters
  07/24/2018 10:11:43.001,    2.00460e+00,    0.00000e+00,    2.00460e+00,    0.00000e+00,   -1.00000e-02,    0.00000e+00,    1.24598e+04,    0.00000e+00,    4.10369e+02,    0.00000e+00,    2.02989e+00,    0.00000e+00,    4.15547e+02,    0.00000e+00,    1.40183e+02,    0.00000e+00,    2.57850e+01,    0.00000e+00,    3.03572e+01,    0.00000e+00,    1.06178e+01,    0.00000e+00,    1.17494e+01,    0.00000e+00,              3,              0,       1 meters
  07/24/2018 10:11:43.996,    2.00447e+00,    0.00000e+00,    2.00447e+00,    0.00000e+00,   -1.00000e-02,    0.00000e+00,    1.24378e+04,    0.00000e+00,    4.10235e+02,    0.00000e+00,    2.02972e+00,    0.00000e+00,    4.15402e+02,    0.00000e+00,    1.40193e+02,    0.00000e+00,    2.57868e+01,    0.00000e+00,    3.03600e+01,    0.00000e+00,    1.06198e+01,    0.00000e+00,    1.17502e+01,    0.00000e+00,              3,              0,       1 meters
  07/24/2018 10:11:44.993,    2.00436e+00,    0.00000e+00,    2.00436e+00,    0.00000e+00,   -1.00000e-02,    0.00000e+00,    1.24234e+04,    0.00000e+00,    4.10325e+02,    0.00000e+00,    2.02957e+00,    0.00000e+00,    4.15487e+02,    0.00000e+00,    1.40187e+02,    0.00000e+00,    2.57882e+01,    0.00000e+00,    3.03705e+01,    0.00000e+00,    1.06187e+01,    0.00000e+00,    1.17507e+01,    0.00000e+00,              3,              0,       1 meters
  07/24/2018 10:11:45.988,    2.00367e+00,    0.00000e+00,    2.00367e+00,    0.00000e+00,   -1.00000e-02,    0.00000e+00,    1.24699e+04,    0.00000e+00,    4.10203e+02,    0.00000e+00,    2.02897e+00,    0.00000e+00,    4.15383e+02,    0.00000e+00,    1.40204e+02,    0.00000e+00,    2.57903e+01,    0.00000e+00,    3.03718e+01,    0.00000e+00,    1.06196e+01,    0.00000e+00,    1.17500e+01,    0.00000e+00,              3,              0,       1 meters
  07/24/2018 10:11:46.982,    2.00531e+00,    0.00000e+00,    2.00531e+00,    0.00000e+00,   -1.00000e-02,    0.00000e+00,    1.24488e+04,    0.00000e+00,    4.10448e+02,    0.00000e+00,    2.03059e+00,    0.00000e+00,    4.15622e+02,    0.00000e+00,    1.40204e+02,    0.00000e+00,    2.57916e+01,    0.00000e+00,    3.03825e+01,    0.00000e+00,    1.06186e+01,    0.00000e+00,    1.17509e+01,    0.00000e+00,              3,              0,       1 meters
  07/24/2018 10:11:47.978,    2.00423e+00,    0.00000e+00,    2.00423e+00,    0.00000e+00,   -1.00000e-02,    0.00000e+00,    1.24486e+04,    0.00000e+00,    4.10086e+02,    0.00000e+00,    2.02950e+00,    0.00000e+00,    4.15255e+02,    0.00000e+00,    1.40203e+02,    0.00000e+00,    2.57939e+01,    0.00000e+00,    3.03842e+01,    0.00000e+00,    1.06217e+01,    0.00000e+00,    1.17528e+01,    0.00000e+00,              3,              0,       1 meters
  07/24/2018 10:11:48.974,    2.00376e+00,    0.00000e+00,    2.00376e+00,    0.00000e+00,   -1.00000e-02,    0.00000e+00,    1.24337e+04,    0.00000e+00,    4.10379e+02,    0.00000e+00,    2.02899e+00,    0.00000e+00,    4.15545e+02,    0.00000e+00,    1.40200e+02,    0.00000e+00,    2.57956e+01,    0.00000e+00,    3.03943e+01,    0.00000e+00,    1.06211e+01,    0.00000e+00,    1.17489e+01,    0.00000e+00,              3,              0,       1 meters
  07/24/2018 10:11:49.969,    2.00540e+00,    0.00000e+00,    2.00540e+00,    0.00000e+00,   -1.00000e-02,    0.00000e+00,    1.24594e+04,    0.00000e+00,    4.10385e+02,    0.00000e+00,    2.03070e+00,    0.00000e+00,    4.15563e+02,    0.00000e+00,    1.40174e+02,    0.00000e+00,    2.57976e+01,    0.00000e+00,    3.04028e+01,    0.00000e+00,    1.06190e+01,    0.00000e+00,    1.17508e+01,    0.00000e+00,              3,              0,       1 meters
  07/24/2018 10:11:50.963,    2.00472e+00,    0.00000e+00,    2.00472e+00,    0.00000e+00,   -1.00000e-02,    0.00000e+00,    1.24953e+04,    0.00000e+00,    4.10232e+02,    0.00000e+00,    2.03008e+00,    0.00000e+00,    4.15423e+02,    0.00000e+00,    1.40182e+02,    0.00000e+00,    2.57992e+01,    0.00000e+00,    3.04087e+01,    0.00000e+00,    1.06195e+01,    0.00000e+00,    1.17504e+01,    0.00000e+00,              3,              0,       1 meters
  07/24/2018 10:11:51.961,    2.00456e+00,    0.00000e+00,    2.00456e+00,    0.00000e+00,   -1.00000e-02,    0.00000e+00,    1.24916e+04,    0.00000e+00,    4.10327e+02,    0.00000e+00,    2.02992e+00,    0.00000e+00,    4.15518e+02,    0.00000e+00,    1.40194e+02,    0.00000e+00,    2.58006e+01,    0.00000e+00,    3.04157e+01,    0.00000e+00,    1.06179e+01,    0.00000e+00,    1.17490e+01,    0.00000e+00,              3,              0,       1 meters
  07/24/2018 10:11:52.954,    2.00329e+00,    0.00000e+00,    2.00329e+00,    0.00000e+00,   -1.00000e-02,    0.00000e+00,    1.25403e+04,    0.00000e+00,    4.10007e+02,    0.00000e+00,    2.02873e+00,    0.00000e+00,    4.15214e+02,    0.00000e+00,    1.40186e+02,    0.00000e+00,    2.58027e+01,    0.00000e+00,    3.04210e+01,    0.00000e+00,    1.06201e+01,    0.00000e+00,    1.17531e+01,    0.00000e+00,              3,              0,       1 meters
  07/24/2018 10:11:53.950,    2.00523e+00,    0.00000e+00,    2.00523e+00,    0.00000e+00,   -1.00000e-02,    0.00000e+00,    1.26184e+04,    0.00000e+00,    4.10253e+02,    0.00000e+00,    2.03085e+00,    0.00000e+00,    4.15496e+02,    0.00000e+00,    1.40206e+02,    0.00000e+00,    2.58044e+01,    0.00000e+00,    3.04250e+01,    0.00000e+00,    1.06188e+01,    0.00000e+00,    1.17529e+01,    0.00000e+00,              3,              0,       1 meters
  07/24/2018 10:11:54.946,    2.00493e+00,    0.00000e+00,    2.00493e+00,    0.00000e+00,   -1.00000e-02,    0.00000e+00,    1.27052e+04,    0.00000e+00,    4.10689e+02,    0.00000e+00,    2.03073e+00,    0.00000e+00,    4.15974e+02,    0.00000e+00,    1.40187e+02,    0.00000e+00,    2.58060e+01,    0.00000e+00,    3.04252e+01,    0.00000e+00,    1.06181e+01,    0.00000e+00,    1.17547e+01,    0.00000e+00,              3,              0,       1 meters
  07/24/2018 10:11:55.941,    2.00424e+00,    0.00000e+00,    2.00424e+00,    0.00000e+00,   -1.00000e-02,    0.00000e+00,    1.27627e+04,    0.00000e+00,    4.14022e+02,    0.00000e+00,    2.03015e+00,    0.00000e+00,    4.19374e+02,    0.00000e+00,    1.40200e+02,    0.00000e+00,    2.58078e+01,    0.00000e+00,    3.04310e+01,    0.00000e+00,    1.06197e+01,    0.00000e+00,    1.17527e+01,    0.00000e+00,              3,              0,       1 meters
  07/24/2018 10:11:56.938,    2.00353e+00,    0.00000e+00,    2.00353e+00,    0.00000e+00,   -1.00000e-02,    0.00000e+00,    1.28795e+04,    0.00000e+00,    4.18515e+02,    0.00000e+00,    2.02967e+00,    0.00000e+00,    4.23975e+02,    0.00000e+00,    1.40200e+02,    0.00000e+00,    2.58097e+01,    0.00000e+00,    3.04339e+01,    0.00000e+00,    1.06205e+01,    0.00000e+00,    1.17511e+01,    0.00000e+00,              3,              0,       1 meters
  07/24/2018 10:11:57.932,    2.00558e+00,    0.00000e+00,    2.00558e+00,    0.00000e+00,   -1.00000e-02,    0.00000e+00,    1.30015e+04,    0.00000e+00,    4.21188e+02,    0.00000e+00,    2.03200e+00,    0.00000e+00,    4.26736e+02,    0.00000e+00,    1.40171e+02,    0.00000e+00,    2.58119e+01,    0.00000e+00,    3.04454e+01,    0.00000e+00,    1.06175e+01,    0.00000e+00,    1.17488e+01,    0.00000e+00,              3,              0,       1 meters
  07/24/2018 10:11:58.927,    2.00373e+00,    0.00000e+00,    2.00373e+00,    0.00000e+00,   -1.00000e-02,    0.00000e+00,    1.30874e+04,    0.00000e+00,    4.21260e+02,    0.00000e+00,    2.03030e+00,    0.00000e+00,    4.26847e+02,    0.00000e+00,    1.40210e+02,    0.00000e+00,    2.58134e+01,    0.00000e+00,    3.04501e+01,    0.00000e+00,    1.06195e+01,    0.00000e+00,    1.17503e+01,    0.00000e+00,              3,              0,       1 meters
  07/24/2018 10:11:59.922,    2.00561e+00,    0.00000e+00,    2.00561e+00,    0.00000e+00,   -1.00000e-02,    0.00000e+00,    1.32160e+04,    0.00000e+00,    4.20725e+02,    0.00000e+00,    2.03248e+00,    0.00000e+00,    4.26359e+02,    0.00000e+00,    1.40195e+02,    0.00000e+00,    2.58156e+01,    0.00000e+00,    3.04551e+01,    0.00000e+00,    1.06187e+01,    0.00000e+00,    1.17527e+01,    0.00000e+00,              3,              0,       1 meters
  07/24/2018 10:12:00.917,    2.00408e+00,    0.00000e+00,    2.00408e+00,    0.00000e+00,   -1.00000e-02,    0.00000e+00,    1.32521e+04,    0.00000e+00,    4.19920e+02,    0.00000e+00,    2.03100e+00,    0.00000e+00,    4.25559e+02,    0.00000e+00,    1.40184e+02,    0.00000e+00,    2.58174e+01,    0.00000e+00,    3.04634e+01,    0.00000e+00,    1.06184e+01,    0.00000e+00,    1.17521e+01,    0.00000e+00,              3,              0,       1 meters
  07/24/2018 10:12:01.913,    2.00365e+00,    0.00000e+00,    2.00365e+00,    0.00000e+00,   -1.00000e-02,    0.00000e+00,    1.32787e+04,    0.00000e+00,    4.18262e+02,    0.00000e+00,    2.03061e+00,    0.00000e+00,    4.23891e+02,    0.00000e+00,    1.40206e+02,    0.00000e+00,    2.58193e+01,    0.00000e+00,    3.04704e+01,    0.00000e+00,    1.06197e+01,    0.00000e+00,    1.17515e+01,    0.00000e+00,              3,              0,       1 meters
  07/24/2018 10:12:02.908,    2.00541e+00,    0.00000e+00,    2.00541e+00,    0.00000e+00,   -1.00000e-02,    0.00000e+00,    1.33253e+04,    0.00000e+00,    4.17341e+02,    0.00000e+00,    2.03249e+00,    0.00000e+00,    4.22978e+02,    0.00000e+00,    1.40186e+02,    0.00000e+00,    2.58210e+01,    0.00000e+00,    3.04705e+01,    0.00000e+00,    1.06183e+01,    0.00000e+00,    1.17480e+01,    0.00000e+00,              3,              0,       1 meters
  07/24/2018 10:12:03.904,    2.00574e+00,    0.00000e+00,    2.00574e+00,    0.00000e+00,   -1.00000e-02,    0.00000e+00,    1.33492e+04,    0.00000e+00,    4.16580e+02,    0.00000e+00,    2.03288e+00,    0.00000e+00,    4.22216e+02,    0.00000e+00,    1.40197e+02,    0.00000e+00,    2.58229e+01,    0.00000e+00,    3.04778e+01,    0.00000e+00,    1.06168e+01,    0.00000e+00,    1.17512e+01,    0.00000e+00,              3,              0,       1 meters
  07/24/2018 10:12:04.899,    2.00593e+00,    0.00000e+00,    2.00593e+00,    0.00000e+00,   -1.00000e-02,    0.00000e+00,    1.33652e+04,    0.00000e+00,    4.15711e+02,    0.00000e+00,    2.03310e+00,    0.00000e+00,    4.21342e+02,    0.00000e+00,    1.40200e+02,    0.00000e+00,    2.58246e+01,    0.00000e+00,    3.04819e+01,    0.00000e+00,    1.06174e+01,    0.00000e+00,    1.17529e+01,    0.00000e+00,              3,              0,       1 meters
  07/24/2018 10:12:05.896,    2.00592e+00,    0.00000e+00,    2.00592e+00,    0.00000e+00,   -1.00000e-02,    0.00000e+00,    1.33885e+04,    0.00000e+00,    4.15317e+02,    0.00000e+00,    2.03314e+00,    0.00000e+00,    4.20953e+02,    0.00000e+00,    1.40207e+02,    0.00000e+00,    2.58263e+01,    0.00000e+00,    3.04874e+01,    0.00000e+00,    1.06187e+01,    0.00000e+00,    1.17494e+01,    0.00000e+00,              3,              0,       1 meters
  07/24/2018 10:12:06.890,    2.00635e+00,    0.00000e+00,    2.00635e+00,    0.00000e+00,   -1.00000e-02,    0.00000e+00,    1.33793e+04,    0.00000e+00,    4.14660e+02,    0.00000e+00,    2.03356e+00,    0.00000e+00,    4.20283e+02,    0.00000e+00,    1.40208e+02,    0.00000e+00,    2.58280e+01,    0.00000e+00,    3.04900e+01,    0.00000e+00,    1.06178e+01,    0.00000e+00,    1.17481e+01,    0.00000e+00,              3,              0,       1 meters
  07/24/2018 10:12:07.885,    2.00716e+00,    0.00000e+00,    2.00716e+00,    0.00000e+00,   -1.00000e-02,    0.00000e+00,    1.34314e+04,    0.00000e+00,    4.14296e+02,    0.00000e+00,    2.03449e+00,    0.00000e+00,    4.19937e+02,    0.00000e+00,    1.40194e+02,    0.00000e+00,    2.58299e+01,    0.00000e+00,    3.04996e+01,    0.00000e+00,    1.06150e+01,    0.00000e+00,    1.17488e+01,    0.00000e+00,              3,              0,       1 meters
  07/24/2018 10:12:08.880,    2.00807e+00,    0.00000e+00,    2.00807e+00,    0.00000e+00,   -1.00000e-02,    0.00000e+00,    1.34175e+04,    0.00000e+00,    4.13892e+02,    0.00000e+00,    2.03538e+00,    0.00000e+00,    4.19521e+02,    0.00000e+00,    1.40180e+02,    0.00000e+00,    2.58321e+01,    0.00000e+00,    3.05083e+01,    0.00000e+00,    1.06165e+01,    0.00000e+00,    1.17489e+01,    0.00000e+00,              3,              0,       1 meters
  07/24/2018 10:12:09.875,    2.00660e+00,    0.00000e+00,    2.00660e+00,    0.00000e+00,   -1.00000e-02,    0.00000e+00,    1.33957e+04,    0.00000e+00,    4.13621e+02,    0.00000e+00,    2.03384e+00,    0.00000e+00,    4.19237e+02,    0.00000e+00,    1.40181e+02,    0.00000e+00,    2.58337e+01,    0.00000e+00,    3.05155e+01,    0.00000e+00,    1.06165e+01,    0.00000e+00,    1.17524e+01,    0.00000e+00,              3,              0,       1 meters
  07/24/2018 10:12:10.871,    2.00682e+00,    0.00000e+00,    2.00682e+00,    0.00000e+00,   -1.00000e-02,    0.00000e+00,    1.33919e+04,    0.00000e+00,    4.13228e+02,    0.00000e+00,    2.03406e+00,    0.00000e+00,    4.18837e+02,    0.00000e+00,    1.40189e+02,    0.00000e+00,    2.58355e+01,    0.00000e+00,    3.05231e+01,    0.00000e+00,    1.06179e+01,    0.00000e+00,    1.17508e+01,    0.00000e+00,              3,              0,       1 meters
  07/24/2018 10:12:11.866,    2.00634e+00,    0.00000e+00,    2.00634e+00,    0.00000e+00,   -1.00000e-02,    0.00000e+00,    1.33878e+04,    0.00000e+00,    4.13022e+02,    0.00000e+00,    2.03356e+00,    0.00000e+00,    4.18627e+02,    0.00000e+00,    1.40193e+02,    0.00000e+00,    2.58374e+01,    0.00000e+00,    3.05311e+01,    0.00000e+00,    1.06194e+01,    0.00000e+00,    1.17515e+01,    0.00000e+00,              3,              0,       1 meters
  07/24/2018 10:12:12.861,    2.00631e+00,    0.00000e+00,    2.00631e+00,    0.00000e+00,   -1.00000e-02,    0.00000e+00,    1.33789e+04,    0.00000e+00,    4.12828e+02,    0.00000e+00,    2.03351e+00,    0.00000e+00,    4.18426e+02,    0.00000e+00,    1.40202e+02,    0.00000e+00,    2.58393e+01,    0.00000e+00,    3.05390e+01,    0.00000e+00,    1.06186e+01,    0.00000e+00,    1.17485e+01,    0.00000e+00,              3,              0,       1 meters
  07/24/2018 10:12:13.857,    2.00577e+00,    0.00000e+00,    2.00577e+00,    0.00000e+00,   -1.00000e-02,    0.00000e+00,    1.33848e+04,    0.00000e+00,    4.12946e+02,    0.00000e+00,    2.03298e+00,    0.00000e+00,    4.18548e+02,    0.00000e+00,    1.40183e+02,    0.00000e+00,    2.58409e+01,    0.00000e+00,    3.05469e+01,    0.00000e+00,    1.06189e+01,    0.00000e+00,    1.17510e+01,    0.00000e+00,              3,              0,       1 meters
  07/24/2018 10:12:14.853,    2.00611e+00,    0.00000e+00,    2.00611e+00,    0.00000e+00,   -1.00000e-02,    0.00000e+00,    1.34274e+04,    0.00000e+00,    4.12660e+02,    0.00000e+00,    2.03342e+00,    0.00000e+00,    4.18276e+02,    0.00000e+00,    1.40203e+02,    0.00000e+00,    2.58426e+01,    0.00000e+00,    3.05542e+01,    0.00000e+00,    1.06186e+01,    0.00000e+00,    1.17511e+01,    0.00000e+00,              3,              0,       1 meters
  07/24/2018 10:12:15.847,    2.00663e+00,    0.00000e+00,    2.00663e+00,    0.00000e+00,   -1.00000e-02,    0.00000e+00,    1.34267e+04,    0.00000e+00,    4.12912e+02,    0.00000e+00,    2.03393e+00,    0.00000e+00,    4.18531e+02,    0.00000e+00,    1.40198e+02,    0.00000e+00,    2.58446e+01,    0.00000e+00,    3.05633e+01,    0.00000e+00,    1.06189e+01,    0.00000e+00,    1.17493e+01,    0.00000e+00,              3,              0,       1 meters
  07/24/2018 10:12:16.842,    2.00693e+00,    0.00000e+00,    2.00693e+00,    0.00000e+00,   -1.00000e-02,    0.00000e+00,    1.34207e+04,    0.00000e+00,    4.13097e+02,    0.00000e+00,    2.03423e+00,    0.00000e+00,    4.18717e+02,    0.00000e+00,    1.40173e+02,    0.00000e+00,    2.58469e+01,    0.00000e+00,    3.05702e+01,    0.00000e+00,    1.06184e+01,    0.00000e+00,    1.17510e+01,    0.00000e+00,              3,              0,       1 meters
  07/24/2018 10:12:17.837,    2.00589e+00,    0.00000e+00,    2.00589e+00,    0.00000e+00,   -1.00000e-02,    0.00000e+00,    1.34231e+04,    0.00000e+00,    4.13097e+02,    0.00000e+00,    2.03318e+00,    0.00000e+00,    4.18718e+02,    0.00000e+00,    1.40209e+02,    0.00000e+00,    2.58483e+01,    0.00000e+00,    3.05722e+01,    0.00000e+00,    1.06194e+01,    0.00000e+00,    1.17533e+01,    0.00000e+00,              3,              0,       1 meters
  07/24/2018 10:12:18.831,    2.00734e+00,    0.00000e+00,    2.00734e+00,    0.00000e+00,   -1.00000e-02,    0.00000e+00,    1.34391e+04,    0.00000e+00,    4.13270e+02,    0.00000e+00,    2.03469e+00,    0.00000e+00,    4.18900e+02,    0.00000e+00,    1.40193e+02,    0.00000e+00,    2.58502e+01,    0.00000e+00,    3.05775e+01,    0.00000e+00,    1.06187e+01,    0.00000e+00,    1.17525e+01,    0.00000e+00,              3,              0,       1 meters
  07/24/2018 10:12:19.828,    2.00670e+00,    0.00000e+00,    2.00670e+00,    0.00000e+00,   -1.00000e-02,    0.00000e+00,    1.34781e+04,    0.00000e+00,    4.13362e+02,    0.00000e+00,    2.03412e+00,    0.00000e+00,    4.19010e+02,    0.00000e+00,    1.40183e+02,    0.00000e+00,    2.58520e+01,    0.00000e+00,    3.05882e+01,    0.00000e+00,    1.06186e+01,    0.00000e+00,    1.17511e+01,    0.00000e+00,              3,              0,       1 meters
  07/24/2018 10:12:20.823,    2.00716e+00,    0.00000e+00,    2.00716e+00,    0.00000e+00,   -1.00000e-02,    0.00000e+00,    1.34434e+04,    0.00000e+00,    4.13487e+02,    0.00000e+00,    2.03451e+00,    0.00000e+00,    4.19122e+02,    0.00000e+00,    1.40181e+02,    0.00000e+00,    2.58541e+01,    0.00000e+00,    3.05947e+01,    0.00000e+00,    1.06176e+01,    0.00000e+00,    1.17539e+01,    0.00000e+00,              3,              0,       1 meters
  07/24/2018 10:12:21.819,    2.00621e+00,    0.00000e+00,    2.00621e+00,    0.00000e+00,   -1.00000e-02,    0.00000e+00,    1.34720e+04,    0.00000e+00,    4.13412e+02,    0.00000e+00,    2.03361e+00,    0.00000e+00,    4.19058e+02,    0.00000e+00,    1.40188e+02,    0.00000e+00,    2.58557e+01,    0.00000e+00,    3.06015e+01,    0.00000e+00,    1.06174e+01,    0.00000e+00,    1.17519e+01,    0.00000e+00,              3,              0,       1 meters
  07/24/2018 10:12:22.815,    2.00684e+00,    0.00000e+00,    2.00684e+00,    0.00000e+00,   -1.00000e-02,    0.00000e+00,    1.34810e+04,    0.00000e+00,    4.13723e+02,    0.00000e+00,    2.03427e+00,    0.00000e+00,    4.19376e+02,    0.00000e+00,    1.40191e+02,    0.00000e+00,    2.58572e+01,    0.00000e+00,    3.06031e+01,    0.00000e+00,    1.06177e+01,    0.00000e+00,    1.17509e+01,    0.00000e+00,              3,              0,       1 meters
  07/24/2018 10:12:23.809,    2.00650e+00,    0.00000e+00,    2.00650e+00,    0.00000e+00,   -1.00000e-02,    0.00000e+00,    1.34727e+04,    0.00000e+00,    4.14146e+02,    0.00000e+00,    2.03390e+00,    0.00000e+00,    4.19802e+02,    0.00000e+00,    1.40200e+02,    0.00000e+00,    2.58590e+01,    0.00000e+00,    3.06106e+01,    0.00000e+00,    1.06180e+01,    0.00000e+00,    1.17471e+01,    0.00000e+00,              3,              0,       1 meters
  07/24/2018 10:12:24.805,    2.00729e+00,    0.00000e+00,    2.00729e+00,    0.00000e+00,   -1.00000e-02,    0.00000e+00,    1.34661e+04,    0.00000e+00,    4.13864e+02,    0.00000e+00,    2.03469e+00,    0.00000e+00,    4.19514e+02,    0.00000e+00,    1.40205e+02,    0.00000e+00,    2.58612e+01,    0.00000e+00,    3.06241e+01,    0.00000e+00,    1.06176e+01,    0.00000e+00,    1.17513e+01,    0.00000e+00,              3,              0,       1 meters
  07/24/2018 10:12:25.802,    2.00736e+00,    0.00000e+00,    2.00736e+00,    0.00000e+00,   -1.00000e-02,    0.00000e+00,    1.34674e+04,    0.00000e+00,    4.13876e+02,    0.00000e+00,    2.03477e+00,    0.00000e+00,    4.19526e+02,    0.00000e+00,    1.40201e+02,    0.00000e+00,    2.58630e+01,    0.00000e+00,    3.06333e+01,    0.00000e+00,    1.06170e+01,    0.00000e+00,    1.17519e+01,    0.00000e+00,              3,              0,       1 meters
  07/24/2018 10:12:26.796,    2.00702e+00,    0.00000e+00,    2.00702e+00,    0.00000e+00,   -1.00000e-02,    0.00000e+00,    1.34267e+04,    0.00000e+00,    4.14110e+02,    0.00000e+00,    2.03434e+00,    0.00000e+00,    4.19746e+02,    0.00000e+00,    1.40199e+02,    0.00000e+00,    2.58648e+01,    0.00000e+00,    3.06449e+01,    0.00000e+00,    1.06188e+01,    0.00000e+00,    1.17476e+01,    0.00000e+00,              3,              0,       1 meters
  07/24/2018 10:12:27.791,    2.00662e+00,    0.00000e+00,    2.00662e+00,    0.00000e+00,   -1.00000e-02,    0.00000e+00,    1.34671e+04,    0.00000e+00,    4.14243e+02,    0.00000e+00,    2.03402e+00,    0.00000e+00,    4.19898e+02,    0.00000e+00,    1.40172e+02,    0.00000e+00,    2.58668e+01,    0.00000e+00,    3.06547e+01,    0.00000e+00,    1.06189e+01,    0.00000e+00,    1.17527e+01,    0.00000e+00,              3,              0,       1 meters
  07/24/2018 10:12:28.786,    2.00691e+00,    0.00000e+00,    2.00691e+00,    0.00000e+00,   -1.00000e-02,    0.00000e+00,    1.34648e+04,    0.00000e+00,    4.14396e+02,    0.00000e+00,    2.03430e+00,    0.00000e+00,    4.20052e+02,    0.00000e+00,    1.40180e+02,    0.00000e+00,    2.58685e+01,    0.00000e+00,    3.06624e+01,    0.00000e+00,    1.06208e+01,    0.00000e+00,    1.17525e+01,    0.00000e+00,              3,              0,       1 meters
  07/24/2018 10:12:29.789,    2.00737e+00,    0.00000e+00,    2.00737e+00,    0.00000e+00,   -1.00000e-02,    0.00000e+00,    1.34538e+04,    0.00000e+00,    4.14369e+02,    0.00000e+00,    2.03475e+00,    0.00000e+00,    4.20020e+02,    0.00000e+00,    1.40192e+02,    0.00000e+00,    2.58700e+01,    0.00000e+00,    3.06597e+01,    0.00000e+00,    1.06150e+01,    0.00000e+00,    1.17522e+01,    0.00000e+00,              3,              0,       1 meters
  07/24/2018 10:12:30.789,    2.00698e+00,    0.00000e+00,    2.00698e+00,    0.00000e+00,   -1.00000e-02,    0.00000e+00,    1.34907e+04,    0.00000e+00,    4.14821e+02,    0.00000e+00,    2.03442e+00,    0.00000e+00,    4.20494e+02,    0.00000e+00,    1.40176e+02,    0.00000e+00,    2.58716e+01,    0.00000e+00,    3.06618e+01,    0.00000e+00,    1.06160e+01,    0.00000e+00,    1.17490e+01,    0.00000e+00,              3,              0,       1 meters
  07/24/2018 10:12:31.791,    2.00737e+00,    0.00000e+00,    2.00737e+00,    0.00000e+00,   -1.00000e-02,    0.00000e+00,    1.34489e+04,    0.00000e+00,    4.14719e+02,    0.00000e+00,    2.03474e+00,    0.00000e+00,    4.20372e+02,    0.00000e+00,    1.40204e+02,    0.00000e+00,    2.58733e+01,    0.00000e+00,    3.06692e+01,    0.00000e+00,    1.06169e+01,    0.00000e+00,    1.17497e+01,    0.00000e+00,              3,              0,       1 meters
  07/24/2018 10:12:32.792,    2.00827e+00,    0.00000e+00,    2.00827e+00,    0.00000e+00,   -1.00000e-02,    0.00000e+00,    1.34359e+04,    0.00000e+00,    4.14957e+02,    0.00000e+00,    2.03562e+00,    0.00000e+00,    4.20608e+02,    0.00000e+00,    1.40162e+02,    0.00000e+00,    2.58754e+01,    0.00000e+00,    3.06845e+01,    0.00000e+00,    1.06157e+01,    0.00000e+00,    1.17493e+01,    0.00000e+00,              3,              0,       1 meters
  07/24/2018 10:12:33.812,    2.00735e+00,    0.00000e+00,    2.00735e+00,    0.00000e+00,   -1.00000e-02,    0.00000e+00,    1.35247e+04,    0.00000e+00,    4.14861e+02,    0.00000e+00,    2.03487e+00,    0.00000e+00,    4.20549e+02,    0.00000e+00,    1.40178e+02,    0.00000e+00,    2.58775e+01,    0.00000e+00,    3.06888e+01,    0.00000e+00,    1.06171e+01,    0.00000e+00,    1.17496e+01,    0.00000e+00,              3,              0,       1 meters
  07/24/2018 10:12:34.818,    2.00643e+00,    0.00000e+00,    2.00643e+00,    0.00000e+00,   -1.00000e-02,    0.00000e+00,    1.35222e+04,    0.00000e+00,    4.15107e+02,    0.00000e+00,    2.03394e+00,    0.00000e+00,    4.20797e+02,    0.00000e+00,    1.40185e+02,    0.00000e+00,    2.58789e+01,    0.00000e+00,    3.06937e+01,    0.00000e+00,    1.06165e+01,    0.00000e+00,    1.17500e+01,    0.00000e+00,              3,              0,       1 meters
  07/24/2018 10:12:35.819,    2.00612e+00,    0.00000e+00,    2.00612e+00,    0.00000e+00,   -1.00000e-02,    0.00000e+00,    1.35690e+04,    0.00000e+00,    4.15496e+02,    0.00000e+00,    2.03371e+00,    0.00000e+00,    4.21211e+02,    0.00000e+00,    1.40205e+02,    0.00000e+00,    2.58805e+01,    0.00000e+00,    3.07013e+01,    0.00000e+00,    1.06172e+01,    0.00000e+00,    1.17498e+01,    0.00000e+00,              3,              0,       1 meters
  07/24/2018 10:12:36.821,    2.00657e+00,    0.00000e+00,    2.00657e+00,    0.00000e+00,   -1.00000e-02,    0.00000e+00,    1.35884e+04,    0.00000e+00,    4.15725e+02,    0.00000e+00,    2.03421e+00,    0.00000e+00,    4.21452e+02,    0.00000e+00,    1.40188e+02,    0.00000e+00,    2.58824e+01,    0.00000e+00,    3.07093e+01,    0.00000e+00,    1.06163e+01,    0.00000e+00,    1.17556e+01,    0.00000e+00,              3,              0,       1 meters
  07/24/2018 10:12:37.822,    2.00661e+00,    0.00000e+00,    2.00661e+00,    0.00000e+00,   -1.00000e-02,    0.00000e+00,    1.35645e+04,    0.00000e+00,    4.15755e+02,    0.00000e+00,    2.03420e+00,    0.00000e+00,    4.21472e+02,    0.00000e+00,    1.40179e+02,    0.00000e+00,    2.58842e+01,    0.00000e+00,    3.07170e+01,    0.00000e+00,    1.06184e+01,    0.00000e+00,    1.17512e+01,    0.00000e+00,              3,              0,       1 meters
  07/24/2018 10:12:38.825,    2.00604e+00,    0.00000e+00,    2.00604e+00,    0.00000e+00,   -1.00000e-02,    0.00000e+00,    1.36412e+04,    0.00000e+00,    4.15680e+02,    0.00000e+00,    2.03379e+00,    0.00000e+00,    4.21429e+02,    0.00000e+00,    1.40210e+02,    0.00000e+00,    2.58858e+01,    0.00000e+00,    3.07197e+01,    0.00000e+00,    1.06173e+01,    0.00000e+00,    1.17488e+01,    0.00000e+00,              3,              0,       1 meters

-----BEGIN PGP MESSAGE-----
Version: GnuPG v1.4.11 (GNU/Linux)

jA0EAwMCAgpOn5zsdShgye1/x4JjtyAJdHo4TdslDeupGiK2imCJdQTfzs8Cpp66
GiJbQTAWrBy6DMVfz/tyLWysQCxvk+6k4CICXpeKo9hGz4VLzN4TZv36JlkQI9ek
oYxgCK4rLpp1HaetMK3BSaZ0h0vv2560DTkFrYmFRt5WQKvA50la+QCCntCruwKV
fNVJR4Q7pM2PTyRu88kxABg/g+424Wp3CbkSltQ53CPCefua4MZuTZH2iJpZy2ww
9+UaHQlEaOKETPJNkIl7QAxo2GyhqBuHtuEoSNHKcDsLX5C90sl1NG+nv1R8s8ms
rVHc0utUQwxFiX7fyGpneo56v355nOXo1a2egAZokxs1gCS7lkDX43JmPnKO108+
V/0xoO+ptxVfPzf4hwkf1W/u88Hzf4hrrebE9ZvCBS3uu+/yzGc6Dxj/+fQStfiq
u6sKjDByEqCHcK5bFMVSotyWwNyso5+q50YvI3xpBng+KlUX/8mEIPj5WZXjiHCP
wq83FJck66DwUR174yM50/AtMS7PV/p0D3wZkMDvO6Q1BSVuqqQ3yXlHsrnEOiEp
gdpqVhQ/+haIv6NP4xEO3FQ/lB+uZqCdRjiOUrVIN/CPWKxKqw0GO/uOUHOciJ5i
Dtxyie4HF5bZ9fa/WRrTkX/o5YtdnBR5Z1Q+/ySgwR803wzqGy39nEIyPvTUd86L
AUWxK1FJdibHJw6JPZIp6ZoNhgQVXDvmrExzpBaZbPoTalaePRIo3ewnm8/zpvav
ARTZmtVfp+B9zaCEH75d10j7y2ErywLtqpvE544xUpaixXDXGDCTs3lo1eNpqJB3
Fw4TJcMKgReEwTQoHyRBDyg1hYfuVoCz4zCn/Ct9AJBtdiWrsjZE9knSqAp/I4oc
iteCP7UBk17mers5LKmJ4v1tzw5sNkZrJxC4SPDG4YlsmfSY4Y6/qQFIF3KyjV8o
rl/9r5rX287xMqVTrsHbbXKDZIb2x+XbastRET2VruxABT4pi9RZUSs7WXS6SO4p
6PwAQv3eiZ80RwQyXYm+L2utWFSJd6TArm6TvFxjpRj57f2C7/2u5nrtHL2XnEED
nv92pepZ1qHfGac4K+TmpfHakNQ2W9K60GcKkn6DIUYSXmhcMIqdehC4OD6Z70Yk
RCL2y5/bYcDX/mzoo2IQDCm5tdhxy3EERZV2wLFeulFUI4FKC3+1CyheA12/2ehi
fasMvLZ3AdXGDDUberHA/MkalO2ca0xJm/G4YIjBc4ElNtf2OMPaqrd+czMtXoEb
jvnGrlSsUiqR6yUTiPlkXXTdhqhy19KWKtPbEFrfexXu+XwvNuDbuUsaML/vj8bA
b8BFbH8HDBcs/5AUyPJiYmpvrLkQceHAS0kOp51jIj/PwbG1jdKC/hyURnQAUg8B
CsqZG+m9ahXIynyZDFsa0grDFIRyg1CVI0LaTxHljewnN+GSr3eHzGd3/KIe76wj
ZshZF7fXAlbGpSIhMB4G/xmurwi7qMnrU6/nzhZsfsrJM5/XfXyeVVpR0+GVKxmi
J90gm0PVYXBwq5lCe65M3QPOSfqhf692bXcKsALsDMdwFaBJDXh+JlLptHHoEiOj
SoDhR6BsLDMWOQbynElwuOn/4j45bXPRN9/ThKlXwuQrT8954CymwHXKgUa30rlC
9whF336c+15UTVUHF1o4Y0ZDmcXXuvcCBIYedPaVAJVYMnBDjmt5e7DDY5xNi00z
N3Enumq4Zkdd3GScDu2U/YIgbzSWDCqygilLO+48o/8gHR8EsB41HsbMyWkhdqug
JIILdLLu+pQ3xtu8AreUzKTKotkr3BKyQpqD9gNt8m0VtJRjxgDGb0qnXF22wbDX
5r4rxP9KKdYzFcsy83kTe/hsMfwnAnleS7ZQNtjQtU69qZlZCZu6PfejOzALJ33W
ZyHNyVpuuaYfF5biQEWE82TVZGJ9ybcdeM4RSiI8YfciuKFsFVZQ7qHRG7gMosh/
i9v2OUok3CG+xXB7yef4MT/77hapVWqearbX6YoulMCHxVvVHNMLn7osiMRFl9jF
r17tauipiQqtjGDh4ZAJijhOgXwTkn/zec6/FGjOMeWebwhh6tr7n2jzLMDKXbUc
pGV/S8U2YWQoJhR0Gwj5gcHpwzSNhvGR+SCMEpv+4L4AKJaXDPEg8GNzq/A4mGWd
EkSdEHpV02nGkXxzmriFmW1ymelT9oZPQOSNyGkyAa0LdkbpfQwBtN8glghYhIC5
RGJRkCn2PYeenQNWmMxl5LhiJsVIUXyIDnhc6BpIQ0Ua1+vE3DKm/EdaWAR1++jW
5MB2Wq31VfC0LDlIKmHUG76xEhH8iIQyo/MaYj1AlM798VTX39LtpqpgqnHLiri1
abfPcjBh8BkMFcVzz8VxlBQQxekQBQFQ4yV8KdpnKEHf4IyoibMvbDeQD7lBNeKo
hAPEwHzh3WW2SfyF6FLYaVK7kBnxlPc+okyxA+4mQQmQTFVQlObMV4sSZVSUvP06
Izo1fFcYt62GeEDqkkj9QHaDtPkxWo2fGuG+vpJ3AJP9pSXsjqxZc8vL3Fm5Sn/o
Tox1ZAezuM5Xo1OfXZKLDnw/eixes7VtQ2qZxtLVYuhng01b/rxmXcub+142IfRP
Bn/O06/VmmWZMGo0f4cl5hG5N0JY6PpnxHbG37wPc8n4tjxW9Rr5xlgP0HLPJF+m
u9b/SFKLEqdkMtR1tcox2qoul9+fSXBmn7uLIz8P/S4Zo91KNV/e71rLADqcLXXx
wchPmdlft/XLSBskGq4kZUj4ZyyTTHwjLi9D4crJvqw/SOEPdNl6FUyluoCGBsn4
pwbLwt0w9r1Z8ObhAqg9uYv675NNuydpOU9jrcOJgSKJlNUmVxtY/8pT6CO15/rV
mCmUIPzjZaX8g6CSWmBDJu6HXrrC4OovLgD12KnljLDYHC/21YMns6U8f89FUCFa
cZgN8J26huOAUFCwxgqreIe+imP4VO2C9bx/Gn2q6eWmqSx2AKszyBsWNEJQ33vO
cvQuGmpmz+T75OPZrVz16pVbPGId93CmYZOlNaW5WwnDUaPv6z6bXxo2dHvhIHA2
oSfvTYhzh5NGBtLMkiboQ0RbIxMosVxCNqIzwNb/E0fSggKb36/v7xuQ/ZWRQI/F
TZm66m/O/x2djSrWmO+OFXaE6axZEUlNZqvPkfkBuI9PUq4tmLrZUpoNM6qfGNyD
+eVemy5BCgyXvy7BmTBF8Z8rnGpXFQvmyVJWcU7I/JQWV5zv7eywrwEecegntj7+
a03k3jAAwiX2PBHzMTo0fLbLEPwLY7kcpKFv+WM4x5tZD5YAffLZu2AEf5ZOqO0l
OmM5HzNqQAkClyOt8ECYBTD7y8cGYCQIuHMcrCdeWTp7oRB0iH+g3+7CiLOrf62F
aBKzb3/XYAuXaWhH3Oemhrek+vpxj0V6pDiuMvr5v0kdxcy4JlQyuoaRG6vfId8Q
MDXbyKda9TorX7IhzLAVtlMs/rzoLbxffCMiunaOMRraNzJObztpBNzC1BqpRO7v
JDpFn2TZm/tZEUz6rVVDmqjZZ4xm2FupPcbMINyZ+1eBvu8w0Bhep6wimERSYnoy
Osb5wXd+eCUfkG2XMwSUOCd7bvzktCySY6BeX6O+ekWgMhgh9vW7j39L5WtQok/Y
yUkI+Hpk7pxMaVzvp1gcn2uQjH5GXYM6jlUlwQd7qyNnuVFeTVOXh2pECSmhl5oK
yOtTgRhpt+mFzwjbziTB4dxX6dsVgHJb/JXEvNSnF9Tmt/t9F0JvtDxT73ziLHng
HL39EKjTMbNTc8SVw0HDUkDfabN3PLLrMpHgckTKdtUVUhH0wxwSn49h+uvgoNLZ
NrfPngJUy4LTWdV0GWLbHw73gq7F6Gq5kOS1UflnTWs5SfoT2Ub8+22ubwWRz8Gh
kdwVzrTD8nXWUatLpsAFOxBWKto2Incju0zxo6hgAPi+iduF1FeAlOqCSNRPmASI
ED7FLdS54NbGgYt1pXBvq1dhE5AGNcLbIxQs91hsK3hhw9SVufGOdi1DDOHR+IC4
W8CzhFpXZepFqLdzK4lxqGJnHSgg7trthL8aKV7LPPBM/Hkuhs5Yy3NVqLVRuxAz
Bt+zTRT29yRR98SLE418JiWTJcUqavN8jF2ZgNaKAmcj/XUFHB8oEbh/WEFhk1Ke
PbD/NYNPAGWMEI456qXyJouHt/wtzcO+9jbZ1UcwYXpazOEhW7VxFQW6xmsvjaEX
VfrUyPfTjCAEgWi7xnjmopwDJgTOwGA0h8qvsOjmB3FtG1vl69UEtkAhrwiWAVz4
1xrjyr8OfUSDgvXD01fKwWqmbqiccI86bls53eY6gCNb0+R6YblXudJOBD7UE6qC
tpXSg9zMnx2TiGexyPnrRgeImbk6QR/R7AKWdIYjVagfPvSXu0t5os2/fPmmAYFc
puKHpMh+23BBSr2nBxHSxmO2LaI7wNLED75JntX483Rnrvq4XL9H5/ft1OO38haK
eZbict0niiYvSErY/481D/yvCjzEtPtGzMOt+04arSd+tkUSEeOtW4OGC0GeoMQo
N0z+3QlSyJwY6K6rl+77OLubmeXs0QPyqCmZbsas82WRde95S8m+FfsnFIEYYXWf
KMf4BNVMqBIWIgHTE6nReMNZm8FlqjIgB5ToWT++/ANfgY5uS3RyE0zyNJhlOzQQ
BlyQdoPJECy29kgHFB1LeBTKUQuTNNalvSvZSO1BICHABF5bR+g1yagaSHBN1rVR
xCZevU7C8eYutIHObSGvk1fGBkuIFFTXddT31jqmKLSo+D6OqTNYecqQu1Ko/0yV
LXFx05TXxnaPcRj4VEO5J9j9VePzUV0kQaCAvdkExQ+8q/1QboflkyqD5VcndaDZ
mVHw2QwxfIuoMj631rytXk1M2fi9PNQS1pdVYE2pCSXXku6k1fkLgN8YHP5rfqmH
mW9gOKMomk/kGe0lJuUYr4d6atwuOHK2oDZMqOsbzVOmshscvju4YAizEh+Hb+kN
kbvbKyuq88clt5EUWG9WMKfgxOicfMbok7w/zYGVRGsrnQxzoIINhiy5ldSDsdLX
5ideQIp8Ibz5F2Nq6u+DouiF2CNADWY96llM/q4KEKOLzljtRoNlD0kXw0gIxY8q
4fVlBS6Ic4WgdgLCCi3QG5+AQHYBCFLhYeOSjxFuUa9QLrLKDzF/ytz6ubIeWZjq
unSkPqxREyfCoe7Q6xBM6HdvaQ5mX//xpCL5wD6wYew7UWR5E3wkVhng/d9vsZXi
Nm4AROsfCHeG1OftihySU2GD2mNQHOKdZErXSjekKGj//UZdAu/MZDG2a6AnMgG7
ApKlQShE1E6Gw6nI8jlgSPIKL0W63JdYL3Jj+b2D0dn6MEXQpw/0Meif9OoBMQpB
suSWyVBn1DZhqNhjmAXp46zPqszYTXpMdj5I+XB7nx01ZpERZWA8K5GdiqK5+6+J
ScJYag1VKXmQ64pYwCU/QZT7sAzx0UcAcqvz5xyncJnOHpYIn70xHTMwsCEc/NXU
Z99LDD0xbkR9Rwb97r6GeTDyJOvlnlP0adt31YYcRpWHRmCcHQO43gudV/Ie6t0Z
ORWG7RJ57T/SJyi3KaleR1rAT5p3D8K5DOoCT3FGzBPS9+hanDnsL773ID6csjEs
EvQMvlRD2341gUy8STUq/oa7vInl9yDOCi296WFDn+v49GzYP3W1Yyj3WNlC+5oy
FZkuuqWVJq104F/In1WFX19GkhchAZ3xEsNTYFItsiZohaA6kTU+LjpASOfNpzx/
ZViSEtje7dmQ8Gw5Gwosihjyeis6WPSjiuJkgWMgU/SISvmKjb5/wPII/kaXF9+E
JXB3e5nktbN7/67yV2/ku0pddtdb2LefvpaRpg2eNqqZByHLBP56X61Fd/kMqGs8
9oaH2PEStgiFtRaMu1hSAEt9gVhB6ixBdGA29w4ehNRJJy9ORe4W8792MBiqH3Ry
ezFoaZkjgIonvSqONuM/ZwZNbUdp4vyreSkd+dxOs1VnhY9h5B8ww0kCtj2f1DdH
8OqLUWQvh4tncnD7ZSo0TmE1MpL84ZP96oLgQmK0YH4UadYUx0G3eBghAuOdCxaB
iDsc/pFfYMy4zuJs5sLVSLNyVKWK9TIFbQT7ZcUfw3mQk9uW1/1PX0UIFWMDqxIK
VzWShXmodHV7FXr2PpU1et/Os9t0MX+/1L+3hsW0v660VHwLRK5jZ7WURH3/Nyop
OkXv6Yvr6gohubCTMRkGH0H7k2X89T0/sI//icdXNBJMg8kGn23e/Vqbrwsaxlso
1c8azWu71VkIAWMNTR23aCQejXUFc2fsZ9NEuasi94YguRFi2zvAwYjrUxRJ8Yc6
2ha/qK9iICHF6jWlwfnXdOSD69/wIx7MOjqyOBHqRRzORVip/nFWOXC2kAw7fu+5
wYKgrj+9+orny0wKIYxEcMl0y3IREk4FhPltYVgSTKAONXh6z17C2cI0nQaoxewo
hwd00TaqDuXQ2D2RsLLU8bIuV3Of3dVbf0eGgKg6aHVJAbGzyTyRw6VQmLSuDhTj
PeQ+3k8HMAFycgLCuKEqTPXdG4PvD9YiSSGP5hoV6iGWk4XflxI/3mz/d7xKGgGe
07YSQbnfnzdRUFATZSdwznYDl7AJgxlfUPdoJOv0uz7c76Rarn0XYa23MEQDrbAe
g1zS3YbN9tL4SUfzfChAbTAf1rKbm33KwSYYCc4f2BKwvulSWQvVRSGUq2Pu8S+T
bSbiiqCMEI8km1aETfjzSNolUgVPE7AdJb18QP+GCDhiSh/+tgmite8CDPGKiqB2
H6IrhrJvZdPw7rEJgNozuN+Y/wEZ8bB9cSNcScbZUV06S2AzLBOaMSpkIVe3l/5i
itbQhY7ZZ5kRcTtDkpkDPQUi8wPsxZIZgnW/44NeX4qffZsTjtq/w+k0O03HExUz
jTTP8SxXhOSSSRomB8BLkzqRa1Oob2brHKt4VwM1Co+oeVyz6v7fwA6Ck1mGhYSV
+P3y6b5EjW0ReDGIWTiNLFTSDcnE+AYNSTqvFZEfFNvHhFkEzPFtCdIBjMXujcUV
xNEcqtvHhIyWJr+2yLXrD/PQAnOwB13tP/yYz55ReCdNXq4Bqp+5d5xhgQIV0lHo
iuSMur5N8zhoooHBZk0hNnp0EsRcJ/gJNgMGkJv+QU7q67aMO/HgFevmcYkkO+HY
r+RBCQGMedOUyy337AWz7DekAdkSeInHxffp30RZohI2L7d2x2mse0iXIJJXaGpZ
hlb0779nZrxtWl3+dVWkeSP0oVSSeOcP868c4u84z4tVosMnVzYjKqOMvhWCheFk
kuXsTKIJ6TpGcjr38x/4cGDFYI82m/RriHQ1yEx0PmSlLYJSbyIgfTiNURBk8noL
JAVGisUws2Coqape7Fhy3bJoUts5VMIpsc47XQeLltadrkiQe1EdsdnkLNXCvejD
tiDYxjtgr9B/js+qLaSuo07AqmcA/N5GUNSnfPy8AB4iSkbaau9VshAqrWFVBiKJ
vXO6wlw33M1copm7eVONDvVefFDnncpm/tQDgWBwAiPI6xhzE9bAXn6M9qOUQVTs
N8+AGRxuanGheVssamj52TkDaZH9W9g9/i1rQXAO3vlxYDsOgcn3d1SaIAayRYik
1v476g7TgX3RDMyuFS+/+Hix0oRhF4ufdxN3sKjiyaKgwdzNBV0Bs29qld92GTyV
8q5AMTVNw7v2t3ym+TNlSGY+llBF7nugIXrVu+dIjjc7PYZ3L9SZDq076Uib93ZJ
UJvjR6gt7BlXvmzvFtV8+5PhUtEuddQTrglYbnDy5pG7vxpIrsQZOTec8inB++tl
k4rq/aRHQ9psM+4yAh4QRA7E3siwJdgAsJ0uje2TXgOarAba5WHZ8vAX1yMDKjkg
osEh5spbtVRMtXxnIuQZnVC83r7zeENLh+dpmF9FVHhl7VxIhz/v6LQbkTpRS5+7
PGSlu8FEEX9EIpIwQa7tLITUg5LmdFfMzbJ9MQeCMN5RzkNLq1paEEu3kQF2uiz8
Xm7rmIZZwWakFXHlTm3e5beL3NIpUhsuEwWkbhiOk85bUI0DGQLi3obaB9dTnU4F
qJv+8W+ai+D8qjY2eG9EC+WR6SkZP/pFq0aK75BD2Mib41cVPaZP1v5JCXVzxR3e
t4cfgIOIMPmt2kQzQAx+vz0iqhS8SdnXp5uSbNgn05zJumlVzpmaXqLdmGkOQt7U
/VC2kMUpLxxDV2O8RaTt6GQNbm/ToHC4vN1EJx3/zyvYVO6u26pRaT+zqja9KAj1
8Oth6H4VUGuWx0MZaUY5Jr+sb5+xC8cYXqzcsKOAxt81MNsNDnZTg2sCieUUeQJ2
utHLmuiioh7s5IRtXmFadDL9wvxjzZCTNoM6hiPq2qFCCBCfxEB0iTbBYk3C0KOr
U3sqkg1Idsb6sbFoa1z6UHVKb8CGtu7Jlou0S71KFuV+HULo4QYhbpCvA+CKBRVQ
/IFMrhawpHljnRJtClpuNgZ7idAiJVfHgrweW+rUBWtxawuotsaJ3JHsvc3nUs8y
tNYXc8UGYdLzwvm33cZWSMD89z58MMYHXttQQjRSxNzSKLwIeYXBI6SZ58qFmzSx
dcWYM0DgiJKrAxdUs8Xsq+4ql3q4eyNYBYkWA5b7KtaKvtfw1IPmaj3/7To27vsw
jl1k4NZhUTAGwNC4YHWMKQavVNHVbjH/jXohgtI5YGb2DAsKBfDA03Afl4vAzHB/
R9vuZrRHRFHv3LHMCTMTuJFB/rKsGZdLQQG0cLBPbz5Seo/20GaYTDESlp+Fwffp
cKJTNLZZL7k0xtLgU6H7u5LAeN//fEnilas0e3q2PCZxlDIUyI7dhWZf2PBhJL5U
rFtzaffgqDPjFaYoNoCu+/qT7CmgvpJbYUzA7itRjv7Q/CGitWATIaAF4vIdR82t
IKO45mzS5oNRp4opjAcLNvEnW7JHCDd5v0kad2U6slBH7QSjTcU7+T6FkHc6XPBe
mwKF2I3l075H1+VKpgnM06Iap41cYJvoTYmCyqqcFABoILl+UxrsXTpNZkAMnClw
U0CrbajKDo0fM5Zw/J1hF8fkk5Q1p47L8d8J4HrIkSsk+v0INv2YJEki2yawpnhW
ziKT8C6fObG90Ts/EW7nVvf6PXGCNNfLdis/uGJsM2li6a70tpvuO7BMjWpo0iGF
h/42oXyUk8/xXPNZRxAbMwk3RzKaN9+Ty8vIku8iKa7GE87G0aFaf25nTQyBCXbk
shdaEUlIW+CmpDUSb+Jkig97QnGBj1ZHkAKy7lDTw+ye7DwULbrsw4bfZ2xdhOlW
NWquG1txFrNXWJjQvSwvlnRXaLVxc84OZTehenMMk/P762RhBrjvj2g0uiuLNidz
p99L0kdbJ6qAvq9FeIW0p7K8agKoPc0fR6q1TQw99kC4+bgjvwQu8PQbYRmKIvNz
iBP5/oMpxA2nsqCg5B50duvsOQW4iS2b/yMQFlNmg4yyMTZuom5fJNt+Fri5853Z
BPpAFyhFg1PfDdfY+GeizFIYbH5yYfDQvuV+690+pIJ2mpWkbjSWRqXeOZe/MktL
0kLKzOzQfY/vrsYlmhz9SMU6Bf1m7u3U18LxCaYCaN10WVkWxkGtaUSNG4znLKJQ
mbFfhVqXTiCg+gEv6r5PYMObm7tzOWA9yDZjaDZ1T1ZI7Ck84E8cJlBbJQKrYV+C
yn3rGcqdKJicbLLx/XVaRmVsJeRMaaCTwtGFbkGxQHNAyexhSmgNSQZ/mXisuuaH
BkslScJRXk7e7ctti8wph8bdJufB26/J7G28oEOZBaDXyzcwtDeFjR6C7KoXJb11
lTWTVqY5EyLi7raDMJqtxXmnPN5pFradngOsEMRYD/F5zm7bCvBtrzju/+HSfKfz
4E4FAKtNaY3kAVeK+pXSqpHX87vDYRWJ454zhydDZ28aZCL7ri45jVqRb/zibQAk
u4/b1+f+X5xnp71S5zBZHZcp6NBXTCSMmS3GBqwv9D8JH/ARSC61qDvsVQJbFKVo
LGuxLdYZRTtMn++riRbRcDPz2YX38ho4zx07MmrTs1zW8McUvluhGIyLOavRH8Zd
zNJbtp2LstrFDbAqW3bNzT3nUhQL1MECgo01+ZHSfBb3Fkd0axUYsEnlvR95pAvq
4Ul+UCtbTq4mtxskVzeUl2VjIX7nlfij91KwmnhGSMJkS1bMS4f6kPaPpPOR8TdS
TEz3ObgeA7CJxWphjZ+dbD6WJtYFLev0Qul/fGKPWdk9s/WFA21aTf8XTKgGeuGh
Rp2BSbyyBYJTRK3NfU2FmTWY6nX0zOrqTbOTKGDHmmT036biqbJz8asQeMogON1f
a7RXvATJ98uBS8vI99onJUuUXVrTU54kiVnba6ic4aW1y616rjO4gr8ybTaZCzeZ
TkKgnGYfTFtMCPTHg4FO8Q9N1CVi6GqaOpBY99sDzvLGjWbRM/gPPpvTBhgaNcAk
iev6psAzVUcbok241iOxrophroKaOHm4jy+x+S37sshb2ctmCUteZBhLaih9G38A
Ql5sIKdoy5qiTkJMZSTyo6c2sldpSuNHJezDirZMPO0Pf4NFs3aj2UpcfvtD/I01
EYGbpCr206vdpdZOvb6HB2zEtzW1hU0RiGn6Q7qeVTbOahDiWFz3obALmZPmkT1s
5XaikkhRmk4CaeIrs+AWyx0gJBocuelK5wDNxhORvUP55De1EP14fF2moCVVCmpf
bPgrK7sGeyeeUI/lggJQhIhPU4dgT2p68Qba9AdBK1Mdl4ocw1MpKsEgJ4b2II8e
9ahScDo02pfw6GFbM5yrk7CFhG7lPWd8EImyedlbA0DD7g1hD8JICDBuymmcXVV0
1qJY3SUAkEd3St9LkFSXp7Q7YEVA6SAnOxc8/HlElHfh3bNXf7RSS9Wj9eJmHNH7
WkOCkYzVmEmhL7PPNDzQWcrcPvInVrfVKIr7oj5qQz70gNJF/05kvM3kponqnD80
Qe24Q43MidBmrwbwyrHcwPtyM+UzUx2J2vuaHuG74P1/sDusxve/x19Ju18agmuM
E2sjsuX2H9o+Ao8EqnOLKqtuBeeCh6yPbT6IdFQAu7kQUGmoB1nrYxt3S8eN07Js
7H5FaQauKdWeZrPkaB3JhcGuNxfKfvX4xbZ+2/b09wouCXGrCSpVLavG/Nqumv/q
lyAIXGcTRf2e5Q3LZdeQDBFs3ZkEv+BqtIM3ueFc4uxHT1qBU2gGkGifqHPC1mRG
l34GzLh6MsKM8/9U7JI0xXsF4OTT/l7ZVhsf3+YpNMh5MYEwvw1gVD8zziwUrBTB
7g6iKI6/YkceLL7zLqRq7QB3DzPbRrVUGNxd4qo57kZk6LLLhRxJOZMH7bFIi831
lmYJ6Tmx5HVk0+L5eRITkLAXAlBa3QU2vR9qwCPdbuwaUoCt91/BuOqmOl55kPdI
93ArbxZssOc+WdCWjbAUZTT+JJG4C3747czUgZDfgTywv0Dubc9IkAoHB+om/AWn
/yM2bS44kW9w3v7rakxS4zevaqOpLNi9gyZzwnR87/f1blNLAGDNLn0Ne9WGekp4
mda1B/3t4gmsheEC2avwiNlEI5xw/YnPq5YmwN//cmLWNbotRJUgeAepcrfsiq3Q
v2lin26r0r3iJvEpCFL3FNDw3ifH9NAc1UoQql302+5azm+UGkxw34nLW7liddhS
HziMBAC4m/SQHhw4yDpBldwCVstxidxddxUlEyDl2kf9FG6gf9zwHYsBW0y40a1l
Qb/maektSsVGxp3mIrVK0W7JFJZN0uPMn68BK/dDAv9n3VbCRRJsk9rWnnLLCitY
oP+uDlLhuYUsNSBauR1ZVARpgdt2J3veiRI4rJ1polMDEfWSSVU4mqZl4CcPcUqF
J62dXlE7lywfs9UuCBnekkoELcAsy8TDY603OiH6WV+iyyPYP00qln7CadfdDzVY
8FNzpmKoUNzPWkzwpc40dF26Dp7r/FNCJukgCYT9ZttmR7pR7DvEzbyQo8cPmtbd
ciA2svomuXZZQf8TVLux+823Yjk/uxiB0EXXx0Uod5wors/6Eenf9EHdnbZY+56O
kks0MEWqRDGYrCRMsU+YWtsn3BE8XD7NNSq5YUyEpaXQGvrMhskNCEBkDaDodHNh
PpB2xGc9LHI9gHHWhzVXLa5zi/ija5RYnK4jGMg1mpxA2TAY8hLirbdZgmjUGGOr
Dg4A0nKkM0+OCx/kC6gIF6gbswpM2B4zf0Dj5+ZuzQ0QkiouYtqaweRH5zh0ltq0
mxQK4X61XyWH12hDFcAVVSauQhtESMx9QQUh5IN3dF+UHeK7ogw5ZRkxpNIT2dTD
W8UZFiOMCtFOdLijCojxX6iSHY8gWkYQ5y17xbO3MGbp3tcZriTXda6yJ7OoyoS3
/HInvgUiGiWaOuTkhUyk4SOj3aHfgr6mvADGxN/Ce+hBLH3pP0Wc4LdY+ld2lFed
M2gAaw+c6qNZKs8FZT0L6ryOvhZJUBLHu7b7iuTAH8DxIL66KKdbqHEdFqch4z1Q
oKeKW7PGczJfga2D1lR72LC0QgoXW2k33SBVJXiqlkPPdvNlhuYTOW73JkSSS8Ln
sW1Qz33n4tm6PBpmqvLWPc2pwPRV1O9ipVIfrc4Q4Apft1s/Esk1m9qF3PIQ7RJC
FRmedI4C2ZKw4V5e5DyH3lIH/b1TdfvKsaiVZAl8EcO51JSh49B3dzig8HGUwyVR
yG2A4JpmKy3ktYYpcu9k+yJHBgs3ss6QdovCVaXMkZT0QJjiICo0VfE1zJEymnQv
HFFt7EwzfshEcNVDoxYkKOVc/nYaSBQ2XsePSU/Hjyi5km586kJwt3m9Jp0Ce6DL
Dg/qRCJTOvwm+aq0wqp3o7XE8cSGJMGjZfBHCtEJ/tLaDsKBuSkScmtWLAZdJTQO
fqwiCmwhV7n7k1xfnuEgb0TJ0g7MOzAdBOgJ2yYFxnoI8efL4AWKC9v8S+fdftKH
STDc2LeNvHqGc5TlbjVPvWvUA9HE1nhEqtZMg6awvkGsyDzhD8fsW8u5vMVIQOS0
+BqTi7B2BzD9d00Mxx/lXwUeEomN7pjmfAJ67keD6amcvKBDUtuhvNr3FpN/Fnpq
Kn/FrJbNn1OQyIplYkwLRHaWa7YVPr4XOXOcaOYA0RJJ6qWjzcTn63tVXQ4wblGo
qHk+DkVJ3KNY3yu7/wmCfNk9B+2GyIfx30O/IBl9YcoCiQm3tqr5ePqGyiiaOpJ5
y8xM8grjJPeOHaGRgesISUelrk+5XL74DuNCsX8KrzBHJJhbGaWUiXTZejwrnjpW
8gEcWRR9JNbb2KUk9Jg9OmpFyxTCjLNu+S2ptHGq+ifA+Dk85oIUq9wzJGJSz2lu
rSTb0WYWu9tZr7D/JcVJEfpqq4JszyjMuRaRweikVtP4vaaI5kdrrb4mP3714ZO+
qrHZKm+UM5BSLxAy4gIRQyAmpiIshB6hP1K6fFwssivnyeb/G+i7wj92nY6w0ZOU
PziwT0nKtUepSL3ZaWwrFTIXEKv7bIVaciPCkyc1xSyY5i9544pUCVEGykpKI7FU
tLz4cyUbMby51kQ/QL3zUCmnpInwmukFSNSDYHF8GqnJzpoLGduCXEiuGnTOy6pM
F7BIt55rOnXq2q16GgxK5WLN4EQqG3j4dTs++gMjbv+9IIWyGLoXe2JjzrHFDmjt
R5p35IXD8+ZkTWL97gGjMmn1D3sGL1AxGQSTNpOcOTp7Ex8wfr/6FiE74lLz2bxE
GXBZ92lUJhl8GnGLIhrw131JtEKeZMBYcJDzlXXb709P5nQhG9rthNaDK9kYKRFe
AQkfE2hc0Lw/6GZEnkHKljQ69FcfY/rrKGWXeV+sE+9PuAPG0/pqMRINk5ZNHrNA
V96NHLMDcTEuZqNAMzeNlaJLgphNuPgemZ07MWjBo+Gs5Y0YcJd0UdKhBK6wkOBC
UNupfTQV+1/frhOgUro6QbQT2SuButYb+DEnSk9t2FQk+v22CsFi6dEQ/pM1LaUc
BmTiSSwDj7mkJzJye0VNDYmQ7u+B4dlN6npX46UemICgOcPgmYJ0sTll4+K3F3Ok
z4hc41/4dSDugYYL4pmK61DmrCFVYQjxUTExmg3QMs2bkbmHneucttAd2L/jyxZ3
JijdDKr2NKgnLzGBWNJ78on7f3WLiRXS6nRYG4NXcEVlRjgSyvAQQwEvShuCJUoa
v4lQow3jTtyGNENHFPLXLT/lERhm2NBev91knKeSnljagADaPIIVbbc25PVwncZj
03XT5QdBUns0DgmLbBiQYX+Ie3NArp0rUVrb7L1XeDS+dDgmvQH7v3pSX4cu+VfQ
jM4V3oaDUldiF1iomI0/s+ckbkxjtbZG5IFlef+3KyabH/FFScLgEXz1NxN4xHcJ
qzPGb7Avdkzi6VOKsihLsXkf4A90CE+d2viLQo8DtNAsWURLxvaFd7Ck0HQ/KjyM
MthbNuipJAR9OYzShtiLYoDTYNlM45gqvXmhA/9VFAZV031lxpQT0T/6c7m7srWg
yJg/RKuLXWO+V085lIEgQoZd+0Fwgwzj6lzPoVcjgEZU3KdIiSVO9O3KK2ivv3sZ
uCk9C1VeYeZH6sdxyBaT0EzeLG2dmmvf3oTfMWd+yW66El8gVuS7MQfLZwWJG4s8
uykHKA2k6/cLbcclvl5W2nRuq4G/QFS3fA5KByvx9LRNo4K5fDcpUmjaFFnlvIHb
CZGmYwbXF+rtY1DEuE5F86t4FpqlpxXRqyL31ZXqoEn0Rv/q2yiHtzKFA6frROqU
xw+3kVmgNeJLKCr8VSx2ofbsAP20l7P/zIgHusAbm4N/+uboK0MqqwVFsXkpEl44
Zb1Aa5YAJvCz1K5nUm6eSnRKxSdDlz9NG8w8QL0Qjo7Zh2YwcsZ9fLFyMoMca6CP
YkKU2WM3fqB2OecEXLr6D0zx8T2GXL7ARvY6LcJHyuh05q+BAIMxkJlScmHLpEJP
FHGaM/ZnxybVmbbuKgzAGv8VZ5bgBeuH3Ntzg2UtaTuekFEdI3RribPlCJ9uiMDd
skGygEvbhY+C/swFMb/hcYhvge0UlAA2K8HjHnjV1zx4PlJjFnOJU2oof8IF8Mm9
cM2E1pIEv174s3suL5kbB4vaYR3NO0qUFcbqfwwOWOP5iaiEF9SDlp0jtjBLW4/O
WtfDY2PxioKgKz043D6BvX2BmM4kNz6xpLgNRLe2XVNizN3TPskCWFqKzmeNBaso
mXvJW9/FP4AmcKJOQC1bLXnUEyR5gEGY7hX2yEr33Yu7PC7c2e9gAorfRgHLncx1
6HQY7YyEVc/bq7O7RiPqKT2iisqBun17uQqDEBqN3FRtFIGWCVjETcf4mBSHWsr+
fBfjtQnzzPfKe1bvbzpaHD/01CgqpglKCbp4wiQHvqDH5ODnfTSmhsj6uy/BjFCs
pTW2GlXnf9la9ap5KirUgeU3W4oRFmJfoVkN61lFLtkWIXBugDNsUCHuEA/f1rLi
FmRdUtzIPMcIZDyBjDKHLHtoGBxdkHoG0Kr/H3N+WbjBdQi7QIam01DnBogoG++p
YrfUmiwMxl8k/KSG8nd6z67RrbaXb5Ke13kaxYSUf27y57+bIwVc6gzyWeHEXulM
4jFsYqxkmylGEnjritQmo48e3M+EOMTNFWIOlbRtr3z+UWX6taEOBPbNJTzEWhbp
gqxlZGB+3aOLt9uPW9oOL22a/d+gKQMU6X8nLVre6g4/oky6flZA318znTQQAVT6
WFsi1BMhGx/+U9UdFhBbG6ENvaAXP34LieiedouEu/C0JdHNmxjTEsFPf9XxwBLd
ZntF9P2aCY/gt7HpkOBikkadISriINqAl386qMu7oEaET/i8r/9UvYl9uA+IyVdg
Ct9BmXHOkvSLKw/CB8jbywsguBxfqZfmEX+k8R7rTFQLLYi/ngPKjErBE4x9Fl/4
D9GFUYPjIVOhBR5cwFIo6dDwCGCu3hFh5wG4HyO0EOmz+anva0mRKNCh41aPh7Dr
Hj8l1c03nAP3wCEoDKr3PATSsKqOzeuubQ9palm2zcQYiUf11hSkDA1l621L9Tp3
J0yu2LqnLupRaEWM++yWXU7yiC5z+2BX8pqKBek1te8kVzS+8w/jeOyf4W+choiu
C7gDcQnFMJNg/s/fNQXON/Njje6oQe4zwVt7PbkKik/F0zU7/H0AoCdc/YZ+FFun
+rKMZ3XPtP5dA3KMVc83nvCjMiGv4W2HVIfV66KvNWVgImFIQkEs5Q4fl63Ssfr9
x4QqDaoTmrDE/mGl+VY/CUvw+YdxzikFMPpPXfzcdka1I4Cz0g4XWuQ5Gczuj2js
quNNinGPsubPl+NmaKRuU4Gytj/p3gKOiR1h2VGd+BqR4ZJIjoyzRmhZHsiwEOY6
rKQV00dDi96zTRFzyK9+qDhrLf3xseuVcqFOBZQfokO5sEY4Og/4Jk/s85U6RVnk
PiQeC8umtyQh5Lq9MCyJvnvtLFLqucBWlvGWgGBK8Wh7bGnyrtx5C6S3hfQQaxla
qrMDyKCvq6oe34zIpYVz2q+ciW5136mYLCREiKNezyRXNtiAcbPXIL+FZJh/3mO+
tCdjW0+lcxyccwwBkj562qmcCbkbmWNoDRPT3wK7QT1n8YujNy0LYkQiOvJwuF0l
d0OCAlvOwBsV4XmzK/z8RttH6noUauONwNAysYizinVHhZiy52WlK9mdSMt1cfWf
4svjN0jxh9LaF6/cMcavfFvyHEYLFk+HVjqx+QFwGBHpT3ezTyRhZ4MjIAZTntmd
yvWZExby+AORNBn6RU3MS0p4TG13SffRS7DVJfayDS21iGOlGhA5hRjb96Ctqtea
4m8XV7CchyWfGjgPPOd9bcoLu1DKp5IXXyGdjll+bsS/h2OdE4y4zFPSYgCRvvkd
LUQF7ejah/Zk/WA4dYc6gXSQrIFvszw7cTNLvt0KrKHkmnnPfez9BOMwqzaWCrZQ
PaBsa9sqPVao4TPqOJENLsyLxOaKv8h3OEiXkCLrCytAQNW+bc3boQa/+nUQQS0G
CAKYG9CDgjR0UlXg8f9t5ggob6vkGu9D98GM6+M2Y7LwaOl5dda6qOkgW9j6XgeI
xdVSYK9MwK7RyqPGJYWiVuj003dWycLKfO0Kw3V1LLEjMloAy6KUW87XMjSNZM7k
ULKz0LoCME3ot7/Fq3vJ1bIv5ikujs2+6nE0keKpOddmqbyUopvpmUG2vcx2LUxQ
vjPV4s96/h3XTkyb0U0rkdUEvBnQVUYhK+EMxVFEeGic7TUU0/Wclbh9S0Ulb+aI
t4psTQAzoEmhMn63H02/BwQzX2Ol6Zx97b3CSiwxtdY0YXadCaIB5G5ttWD660Gy
FUa3j77j6QNIHoK34jdP28eouBVHTpweaHWqP05bQ4Mj1bKe4FuIFtqfCeMhh+vM
Ss0BV9Z4MIHrRfYP/I+SQY0MeOZ1xJM6rlZ/hrROpzKqwk6/UibXe7ErPGJRwgZ1
JQA9ZOYyfZm0DonEmHnGx32g5a7JbQ0y4CTZMraXBwpP3/PAOZuVCNKEXyenrBG3
dN0ITkzvYdTp9CTHX1nBbn2XuZZpmzRX1PIVHAAhW4AsDoG+Dv2QNQLjxatmKmnz
hgGk8tOvhrqlUZokIVJQZ1CslcxmDR8caxTvQU1VDhmeStbqNVH0khSKyXnnVlgx
Q3PFLxsynbYjExSl5C/bMd8ocREpeFd3/lHgnT+Ct5N3TLzP8UXnjhTA3HTV6aFL
oMsew8nf6xKoyokyFFrN14LuWTGuqLiTfrsz5hT0Ll+k5newi2FBaltX1+SuvlzL
EAhe1kVTK3muiHEfzeipQrGZPmmYjuaTPjU07lyvz+VYrqL/jiS5sji562FKI2Ea
/musIJwtqGzNx+BqV92I44cQD4CPRNI04pnvxZn28v3DeNwJxBkZU/Y4pGwHzIkW
4S3WlCGKMgyhBPyRPviEz1YH+jxMJLq93VL+wFPASAUsMVbY9T/cZPvo+48M/qDK
dPJLVxs+iX18Ag7psmJ8YiS3wJYKe/4/k/qpQDFuthy+S7Qy9i3p+t2+k6EUQ5Si
4Xe+4oGpjDVBSHiyz83S7XwrLOi3uqPCdIhoE98vXHWdjWtV6miA3lc6Ru1hpcIE
aayfQxzMNLR0cgi5EEf49Yl/aJNvxCkxh5QxKSlX0D74t9EcopnZc9yokRdN4G/4
EPig4dxno80Okkm+6sUIctN32T31jp8RhtL6ZC/pL96b0pFPEaIYHF2Bb4OYJV5c
XUfjUjMKwv+NIp5AiuuuodU3q34oFyVU9SZsRdsjc7IeaCQszp/K6Gz7rxbatz7s
Cn52Lb+AvTvHpbPrMSzCUHtarEpVMzSHV2VBUDRAc6S5+hTbe4tx+RDi/MIyo2iU
9zVWfy7og7aQuNZtI/dJpRg8s8h8L+lFm6gGXfobyr+ivDiQhnlCYZvW3kSB4kng
rRzaF0/U1jpPdCG65DwtfP/U2a1viMDwdpTLwpooQ2a56EjYFCBoDhy1OizirpHQ
KtQxvElGEbelSrJAp0t/l8jxYdUqJHyzPv+LqDDpgjkjaNqMN/XHanDKZAC6AYbj
jDFff8exxHP5bd+1RMfZbcKuTFJD8vRx2cmNaNjld8w9UdKVULd6ZxjR+RO6UUK9
WtKM/tWRlgikgzpqAcUxeZ1BHxkKbHD3vgnCxvCiord2ow6auoklXgOGv5SC9TjJ
S0vMhD8lTnmpyV+koKf7T9a0/6Ykq89QI5RKBkCV3nwUoLVrOjmlGRul8BltRHmG
T5Dcbm464ZX2GQiCtbv5F1n8ZRp0JPF/nki7+j4lg1nSGy2u6+dLBBccXhy0Brfl
p7MtgzBja2/maAg6L2Sy4HZXBdreoLuTIDsXwr5WmX7urN9tHuvUjmiYh+xeFSwl
8WGR4mPIvcF06nYSt8GuFCkgz/yeEtp/Khy6BD9U6+T3Jx/lKtdm9FxSHg6VjYTN
rIyzBzTc+1dab1rHhHlNsPYxUfS+cuQKLx5mBlqEqBMvP1GGJnRiPFI/44f5CEVp
wISaYqBaA9SuBncJGIFRhYhamxLK1IxsIVwFVzqyGFm+bKdth52RRqKuoH2DBPeK
a3OtBhpNM6MwEchiX0wf9STKKR8zlYeBM7Osg27aqovHRDT3eZybjctKqfHC1Fn4
hKyLHBV4h2kD8pDqILAWgPUL+ENP10MaaTNkpjEnaZGCEOcEqqJd75VBrEXqTZEA
tzSx80mANjBanhQyICdD0CXNCmcTqNMsfkSmuL7fKDa2mKrBrJNNJ9Bx1fk12ezd
3JWvZeevmx/cwvEu7TjVrqKUInzRREUSgfJm97MVZ77QMaUSXsWpsRLMMXLLEZvE
YBLSmUD5ZI6jpUWStSJUSxPj3yxVXHIIq+pazO8Y9QOA+9MBP9uzz8JGU8Rb5z+y
tOBkapjnygPaX67lvdT+W5qfisx854M7VJwyi9bj1Cuj/9aVuI5nU0v+wf5Nw+zv
dBRsedPhzXKyEU6N2KZQ+TDC71TdJ0m+PKIUy0e1OG8+mE/eQ2Kgu7XUkTvsv3Xk
mSgrrljM9Yc1bzOTXR7KcJpF8j5AzP6HlkGnvotpOJgva5OyrpwI3jpPsQHx5R5c
7BCfswv2YdgQlNlfnSABC5TXpU8V2cbVVXX05BS9gTCEjLLr19ZwqXTDX16jdrm1
i+ugUy2iFsPlI5CEjxjn8UV+0rSTuFSmZlQ1u55bQnXfVM+d4E124WqtgJTO5hDJ
9BqP8XoVy+7RvOZ1fWKS8hUOo5NMOluuFjNI3gAQijk6ucDxyzaiBn5q8xGTtkrr
eQCaVM55ijWRWqTY3+GyoKC0U2dImVeUoq2QW4dyu4PSMi51wpqfkWWWyVz5wzEu
cmd5+3L1+6VwuzUbOUyqDqaqM0kH4lBS/GwXFcD+cWHe0di5WS80HRiULHMMiEL0
mf6WxstUQ7pWDRVxMXBwJgVKdWOq176pcCDx+ngedx55nvnswWzAJqEKpPajpPZe
ND/kyMrtpwredAJc7ra6iCi2GPpwbOv0S9jzcobQM1IMoAl822BuMqQaP2vb1opb
aezlYN+MBowzhaEmxKncngs1k1c4qzbC+WcuHS5u/R+kEfwt6xjlYTAmAQ3+wuI3
y6/f3peqZv5404ROuJm8QrmLG5oDgi9QTeGpOKBpH/dzv7wuwiDg9A9/2jfcbgl9
AP5BjWs68TYjixaaQkxbDgHwTbUNdQfsVqzGxSb6QddZyEwrCW6UDeIsNz4pG4Qc
LgA+bHbzJ7gskyTygr9LwjXZiL1O4Tbc3YTSyOqJGkGIKnRisR6RszpZtqAqPm0s
oDto8R5WJjcAQaWAvg3MXI8Y56eO6i0Qc+REXu59H45nKEjH8cMQWHoaF4t6n6cb
qB9m+qisS3YNlK/HTOazSJFIOr8/R4Er0RXp7U7H+EYCQEX0jwgj67wS6UJBqfsr
VTtWZeGVy/o6vPvkQAkZvTjJCL6fiV+MCi1Ew9sdx421BkeCHLlr+fmlBA9c2kIK
qRXyqOI2BdzwgE8L/vuXmYMnakMmz9htx1dC9RmiTAfiy+lLq39Ao16TILLYWPrt
RaOcHJuFdvtGwmvOug46waw1jkbWHmyWtHKWknwLzREyK9F5MwIOQwL6Wvpt1f8G
gPOETEEO+YO/AlJrF37PnVT5qrguAmndmuQE4HADJ/BI2IJT1CACVr4OIR2HHE/E
d8/6NDX301KvRLB6SZAceSIEncLtc3N2fx9GLvj2ZO6D+soQ+IdIKpNZDbzT8jrN
/X7+9Cka0TW4CCyEBnvnASWZT0IVXlaIi+6YMa1hJ9Z8u9x0ugN2N2VSNFy1K4nS
JSkNTRufUG81KWQHNblcUM0jsihesFWE+jcIqgtLkH6qiJGtmXkW7pVS2MrI5MAQ
O6kQGZURCa2zvtioX4FBbth1uC5SOoq/XldykZnEfxRLPiuyKxKiUv/tRe+JEj9G
5yb8nn59akLGEAvkWJZY/gf3kxgULdFCVMD+qIZKj8iySWWNbF/k1cgcbHpHjvh5
owHg841d2OV7gIPxXTZnkE9xAueXdbqUYOzELUbAohPomKXloNaNAj4pESLfkyh2
TWyB6lLadRsvxuoPP0+TyA3uheJMA7TUt66TnIKdRG+ouXZuZd1mtEFaSatbkUx6
8gpsuScaW3MWsgli1gpiwLDTW7trjNpYRo1kcqBD3QU8OyG5GqV7Pj3ZH28ZGq2p
JTuHbMGZa0cmXo1duh1/F/3qR+RDiL7+jl9XhBBJsA16B/fsoyoRbB3SNBiNiYa7
J+w/BfbXmFg2FdsmHtp+Rzpk3HOfZ4/SjuXgO6/TLoPMkZ3uJCUG8wEZQBUzACv1
hjSdKQjhWPTSzzAGRMpQ284mkp6aYVYWlW5aG+wWsB5woJBFNaBS5t1RRhUtjJDq
3Hyl7IwqySX2ibkH/0Ri+T15yumtfUeXkglTf499eNRb9VPUED0P6SljaQowjQpW
CnbJhy5U3JINYi2ZosPLzTrJVaBrZPzGn4IDhgXYLjcFm28YLvMfsxTW9uejInUe
gOxoIcHMMWx90f+EPCBqi6X9W9DpNnfsoij/MsFkiHYGLBylcy0Cr6dVOFaKWaXC
chSOZ+7cxRrRjyRdSdPYmhCkJpD1rgV72cOwhpcomfR0sS2zK9wHiWYQYHYunIEz
0Gg4NALd+W40CQkxMzKFbOeLBfshJh3Ig19PENewxqAAGxjHj8DTy9RRj/pWpQkK
6o0YsLwHT1b6oUdF0caladQY8QLbZXylFkrdE3UJXMDFabQxWAZ37gtDElXu/YwJ
ojCt+ZSYMpAtQE1mCHKnylVDSPQklTa+pWIUu7kqFa5UkAgXTNrmsWonaitZGSRG
VbG2Bk+mz3GQsyOEaCc9jh2gi0LMQEOqBjP+gBgxgpeNGqN8EY+eBwUlKNp6wbNW
mX3beHUGUbcIo6oJWy0DfzdUGYb7fX/QJmtcWD1J+6d8k+11S6AMl7QmK04aIEzB
LXjoYQkK836YKYRc5l8AG4lVJXFExsU6963UfYIuwwM4Cmgqh6KZGi+OHWmQAqH+
HQHQ925RPCmuS9hFCX66FyZ3UB6JH6JfAHxVkUMm9UssPQ+Fr1IiDbMRq57cuHD3
Q/UXoRl0nq6bOPfc220jaNMvgK4pFE+8tiytiA9D7NxtR5sP7fD2yEfDk4fLwI1e
bXW5PSnIS5gIGLHToxJaySRIJV7ohIzMqm16tOZf73Dz2roXl/xPQHT+Yhcp9y24
PzyAkllkI6nYv1HrbiB1Ib0UM9w5s+W+1Ll8Ab/jry61In9Sqgqv0h86V9v/jFrM
Bwui407SRhS83mzZ9IRWBrlxtK24HRzjXCtEaiMujF4lVY9KJIF1S0UJWO+f33R8
X/rs/R6Vc3h4yWZNMNDc1KQBL+44379VaVoTkfNgV2aH2Nvx44IdmNd35ZTSlGoU
K57oyz5qIZLrMQIJWZwei4b1IweILy/tNJF+tQzXXW/ZjsMDTQK6lqIeN5RDCoI8
OAvC5kuHhUhKUiCHRrN2Dc6/k6Yizf3XAXX1rPY3s6W1yI79QEFSp4TBW4AYXOad
M8Nb505tAOf0JLDZYnxtX6kepa978UlvbtIGMbb/nhZ8zbr9+T6YuqucOFaR1Ng0
CT00ZhxM0N7ID+0K+jGQ/My71GCi9Mr4iWi25Qt8+Y3Q0XZ8KsgO/4x76HuS3DwC
oVpFXG9qdAWTWEcB+l4252CtjJy8vQVXcle4miLN4BfgS+S9h6kGpQXC29irCVoM
ZrzMtGPLwQrjjBe0FxrzpxW4ipQcTqE4aV/QpBfs8A55a266wTcVAxkExzoGIZUA
qcQVfJjMaomyvzH22Nq/zUjOo5vZlQmrqP3A8y/1BIsxvIoXGzl3pULP3xLFBfaA
JER2Rmn7Zj/4XkBFUqCa9JpbSyAQwCYE88540wuNzb/UkBV+lhLHl0NmxZMUDuyD
L0cgtVSjxnK+c+1aqUajHWXusCqhmGvdfBXBhtaFrXGAyRPWYrt3F3vmtK5PL1Ar
FJQVJ1Uzlf/Pc3D76GQibza27qVINJD04Vd3NE+ze+MDcvpN5Q7/1g+ZQWIIfSuN
M3EQqGTqexD+/sq/oVTz1ho4W5Y7KU07r5wN6UHBXfWSFTnyNC6XcE9YGur9Sco5
XRq8PXa8KAQn7WgTo/2tY5fZgyokT7keh/mVRWz5KN3ZVXcyyh7rbAw7GIM9I67v
PfIuSR6Sse9jyBFvDkGfPjbjXlnyIgTbIFehTd5bQS56UnoxlI2Iz2VdRPih2bBy
jPtUxeCCkagp0R91xDkNDjwULMDCCowUJwl/7PyJmbu5sAzflkd2n9ECuqZGhEqm
fDLrCuIw3NEqYEdgopByO8/sBuRtMma/HfAR2wSM1KiSVXWb8Ph1OwFvrhK2HXaK
gOWCbMwCLo1AZp3HgDa8Dn4hrCUYGHhqaWWrvcmlpF2AS3GdFexWo/XNBbCc82jT
A/HyEjGwYo7cRUQKWeJ1CbxcldEj1ZRRabNWd/NFKDu8f0KVpCb5TdB7J0/1uZp4
keW+nSGlDtpMr7OAGkPBbPhuDPPdEkW89yRNACG7OP+GRtztkqWY/6E/Wgdy5Pn7
ixTwgmG5PGYzdaSXvnT0LXDj8+xCfh04J61jiHgzgUcShYh4Wk+IR+cVhTvj7Iss
75RZYvsHiyKF2oIKZOefPQjAVVI+AURsswJnrYLLTvORO6N/9Tpi4+B7FBGoCvl8
eiaD0VWYX05vDMfTQA/NxPCWYHoTxx6MbF4r8E9nrasDc8H8PnXvzrqF3AcbG6kf
JgbgczPoRrw0VolLB/SFxeI1NFdxVFxsAw3zGwB3vD/NDoA1nx/NQ7fT2CIjQuyP
0ifJQ1ACAnToJKa0CAncdXOklVEp2woOq9bDRJMQqqxlD0rDd0pzUIJ2minLBMw4
3YGByUy1GYfVd8C5WEjscpBcF00Xn4QAHdbeEe3WUPechW7a2/6WyI+bHEdMxQw0
N/7COugd0Dzmfr7wp97WWkzFIZ2nteeoimctmMs+zRj1joZ3g//qXMOgG+hqHA8Z
PUDZXWSkGyFSz0PWHvFbKnNRFdUraLtpvZrxw0BfDgmj1YwJ0LpwICyamU2dL+rR
4KbYjWVvUsbLDTlPQrgGUMb2kjpFKF3HdtCmWrVqNFQbNxcr7A2WhXfNzoLTQCAl
g+phq4nb8gb0CpXrTna032buGQByF4UiyOE6v9ekLo4qqArh7oFc+P880NPPQkjS
5MFZOwQvFrE1zyCEcpj+m8/vwfDSTox1+r8G6MAA6Y1epNWaSdi8pYFQV4Anypsy
lIZLt9wh0B8l8nUISN8XUTWxvTkWEr19EXWfrjph6UeYMr+mo74Ediq+Ac79n3QI
C7ldkqIQ3hQrn/oZLGQJbmza2uh2Dp1sQHNVi5zM0Dm2WNcnIcMOf4LDxEyEKn/t
NLCMmgEEcIPvEdN4HmMbooOYK/2jMVhSWxI0kwT8aTms8HKN1xen1t/s2iQqJgxk
gU78vdpmVp8JA+3fQRM/jkEKX/oPIcHYGMOnEesZTUTHW2muJLSRF4MOiKZlXgVS
GPSkgV9kg9R32n5HpXtz53IX7NdV6FkUfAwCl4rE4/dOV41v0SMYqrXzIkMM637w
pzmZjHBuufjM8wi9d3ULfCJ4xXPcURKZQJJBDwFTAmjjm1K4dEy2L6PlCAGw2aTq
xeRiEADBbNv0JF2YZD29svKJ6hb4p9Gl7mEUkSBcFDqZu8oLo5p3mgSO1ix/o1mS
nadPzQ0gPvMWixGkzAlNF8RSX/9RbSb4eB8tYWRM2V2oR3qjzJpcgNsflV2bD1Ay
ejhoeMyLbP6uHzf8d9ZrtFkaaOoxoQ5Kn5XC0QQlvMHPVIrnu09ofeCAlpZjbPM/
MkIFF+H2/fwmYtYjrYO+y+BPf8ItRYnJz1eadjXMZkUkXHd7VK0cOp+/MTI7qqQV
xmdTfdXkm6K0oA92au2/ufQxy0R4/qEjVNngk6V49nFgKylPyLHFcpEsZgWFvL1L
+d9Pz2h4NOgn/9q5FA2q4PymvyQGdczrwUUbIncTdlUhA0uVMFlNn6CwjOVmLPhO
8X48sOkKd76u9WkzfBOYMJVN7p+yQKCEtVbuqgUt6dXpxZHPmIsIsvpWrqeTkc7N
+WS992I0ZD9Og2x230LJ6qbDRkFZEZrM8QFpIk6tSVu9eICGSRVdXpWYjuwfVVIx
VS8j1+ij3oQouT0nPd98o5Khu1vzgMRBWQ+ksOjxReeUDX+i6q4Biw6RMs2BfaAr
e07lAbU+BhiF7ReSFU5X6sEGA19MKsEL4Qq/QH8lXxa2t6BkDCP+UpqrZrj/XH02
fpfeudx0GopxZJUllm2cdKCwPvZ72zuuYVtOR6rVlIgOR7PRrEDuN1ieQP4wy9LM
9RYVePVyd8qhUTwWw9VWubqn3wD9o+yx5tVjaWL6+FjRGv2Jl28Rd7JyH2Kzt3pT
B/vxMD4gga7HziO6W3SzYe/kOdxLxVD/45kGmAwgC3rIqYVeDBb0q5d+dFfNQm8H
8X28eTMmYP2OLIKRgJB6w8Snyw5O/RpNjGTGAP65f3toA7EvqGhroCJNPj/b/swu
SAOG/KWaEUtwHtt20Ll68CI7cByGNAxS9ohlqdNovTYrTkBupYFjn1hVyfzAER00
OS8fh8r8563XsfctkUcqPoJzvr+O3AhoPuHUc5e+9c+UGu36oVJZQlo4M+4ryGH6
nBy9y2OXKc1i/FmJaqbnRmSS10AZxuIwutVt3pmag/pnkf4PwdBC1KtAXKZsoLbj
rYMpdq2tK99KuZBBeL5QMuiEGmwemNTyqj+Y/Tt8OHE1pL2SkdmyRNz1UJERpqVJ
JEHhh6+O0WGxZzoCmq+u0EY/V4z9oH3JCZjE0UiqUx0ZUETniBppXfCMVUzcOt95
Qm3cxa+BlQFJ7Zt17HPBuqFJ2RZmbNu2x6UQwwxscD240z9v3d+fZ8XS721PuWAc
920sTvplUsuOsCyItTV8Nw8PX8rm0sl3rMn9V5fcL7dfipOLN1nXXUf4IKzP8Wsr
2JqcXIQ5gqgwDZAc2BoGVbTNeXM7jh4ptcSBxLCCnYWhUh1Eo2tLZ17Fmyao7rGe
jUxNSlYzeXOrDI9WPi2hMvHBK7y1XdlkaijNoRZJ9rJltZj9CZmA55wNfx7oIZNJ
3bFOpxjUQtBRKmX1lAETphTerYT9PUyRr3cGttT8e2ZvOB0y1LIZq/2EE8DJPP9W
kPnO0ikHH1LKhuMHfQPtQYdtkAQBGg796hb2eHTRXO3jD4+kD1CaSaUVTfO1pIWT
1xob3Eo8jR3NSU5+dioYN2hwJlu2gWcy97f88Za+NFlR+IPB6fTMCMYqoTvxVP1I
DxvQXrVjVU6RlJdc/Zk5dVkpNYkyQN+5FkZLHgvvLO+cC3vkJ6rlK7q30BuY4znv
StGc5N9R6X4CQAIyqcKc6GcJVBXFnsBNSynI33okSlbVQPfeKQgY6TEWfLAqigac
yUCAa26M3smqr3SGKHG/9DSojw1ab5IMs40r8//rnJq5tsa+bgB6t7xOnfPhIWHb
0kw+LMNDwFL8bVrwUnQSESiSXxkXgQBaf4uBU1Gu4Th6UhuJ/byLDSEPXxdd7KCL
TGIWwC26SySmZP6fXypuspt+pT2hKupr+/vcGeay8VEW2oRe9XmoYAMyjlSctzBt
wMkplhhgIuIoipF8VCfH4ZH2jcz0UXPbTnwugMgGLfLPPQyXtzfPXPH1cGYjJzIv
ld+kkQEb5zZGxdQsRRNTJth4dQye+7aVS76k5dXPxCR8cl8gWEFBGLbrYT0YAFJl
WzKqiRtiHPbBugWiifE/CsVs/fzZdCnnt5rHOaCO8gVu4Lay3/duEwiBv+EvmOTl
+kZbGRQ9w7glqPXPiV1IRl+sY8nd8mcNQY99nEZPIrA1p7QX9M7upnLNq54txmL2
b26B1v+JlSNJiJea1aajPMEcKaTsVkAVndRlWQWuooApGZfvS6ttHZGy0603PQZI
9PdOyE6gw6qbyB5X6/vqX6UHDLld9qFSUZQ/gw+ro79J4vam/40B+O5T8DDbZWWv
sRsa57hh++x6gbdXHdo5MFWIt7+D0LYzvtkRInippTszEE5mmwKps5bR3wtYDFjL
SZ37dSbHcM9wx+qq+Zf+xbrotxMY4ueqaiLv/mc5D3KsVEfkwLUHsIkLRWhKM3+e
5yQsTzVyXF0Ne5UHztvZxX6RA38UAj/zevUxACLQjCGBZ+szdHI+6/ecCL+9BFOJ
GVVLQ1HqKTTdqMzgNF75u+DKV9lxHxD/9ueI0QX5zZ0q2dYtAXL5Xe9KMQ0cCOCB
XtnzCYnjpk8qBRPzq4wLer6bfDrVmxsp2NgghQ1Lh8Ycbb6sSG3ah0UXqRU4990S
CsvM5l7xDcCnlJxzfmkrTkWcMPq+qxRdWYN9Nc+Vx7ZDBJwF+IlPydxn5SLUngCm
XNG+YCey8R6whKGR+MU8ktvt94PYHQS7N6hdJiEe+kxMCtnZtKfaHnxxtj3drv2j
ncR9WW39Q0tQDciP84dC4HAzDOnxmu9Pmib6T9vOXziJNxpO81BpmMmWAOfVQkxh
IbwZbRbS7bZ2oIqDsUi/d7aiiD4FClUrkOaJSTPFuTOM6MnMFD5qw0npFLJco9h+
tCg1PrNQfKau42kQxGHesyULuoNWZnrQPqUwbHTlzhAfPuUHm74+5OOvRbGATem8
ie4m3tSYPgfD9pGWe3GYlilrd1RlfzAA8pka0o7DaGCTRXnO3YlON/YW4L6am+uK
8PdXSwwpkiklDu2ypWI6Pspm7aZQ22fHJpA0mbfq9yUDSfKTLjt3co5Bfq+pUamj
V08+ztIEHF3IA506QV7flKCsk/VSKGLPOFnpTQZLjPEoJ7/zZB0GS3UnV5isJiZH
khhg1vZUeW37JHnmtWfJm13DPmibXEc7AlBHKKUcBxU/Jd2mbyKwsfncGmN57TU3
SxfmyClKEDk8X7hCiuTpYYzUSGe+sNl+IsYzky7IN5f/lgxphx+9rvfq5FM4/rxB
2J1XDQ0kbYcFjYGiBwqHC1YV/oI8PZgo5JONidmesx7e31BkJxy1YtcT8Iy8U3lB
vLHDMSDEvn16METzBaJoL1IDxOg1x9p2PlK18iwMuohEHL2dEPtJtYEirVb7g9Zu
HDDJwIqySIYVkKsbGx84J493ODwYjCcDsb3/mqo0x2vkc5yl2jNyTj4FGDolUVF5
hc0S7/j+Ev1t3SGNQeJ4JClVNMCVaj7H5cRzIX2SaL2IEqmLgADNqBJFnaL/X4At
yYgaWa2PNI/5+V5n7EgT4ADs74cOaL4EYSdxIJ26Jmgmzsysm/XbpaeA1zHwZ8Ok
IWdg46XlZuvrbifn4uP8bsvb9dCG+ZoTJhBL48OfDzdFbcxQZ7Q3AQ2TG0oA5Gde
fj/q71FY+8TVIB9kWOn9KcEKxCGjX6aPwiSO6kU3ups9T30mGlD69wbXYIq7HAOW
igZWdzYWqpFK9gLIeH6cXRq2HvSPI+2ukCT6Dpc1i+fnNAaC/C7tx5LH1IP+Kdza
pIrnZT+b7eT0rRu9a86HXQ6PtraOtOD++MQkAeWJHImbxMMr29K3nCKMBRohdUHk
GtppzzxPP3TBxN2f8aqhMn/ugRLS3DCSeM65aqTNnt6zv+0e1Wb1NGUG8UxSj97G
XtZ1skYR8EG4l72ARmZGuenIq5A5P1jkMuwAxdfoqv9fUmCtg+RcYLoMMALe70XB
sl6dPGcOsQzxYP5K5Gs0G59tGHB3eFuoV1My3O9MSaEw6rCp3jnEA6JKwbRej6Pk
d77cJ2BjuzX4SDLWMhLXIFOBeOqTjRdLeFB2jEljYx6EACpnUsgEuo82fXovFlrB
kh51qpkEtniMlaCwjgo3oWrnFQO3wvd5Ry7yQVmhfDBWxQA3iI+0ybzyC9orWO3U
GCZVDy8ahA2w/b93fR5BvG/hNu7HP1KftwA5GlIc0SPPaybTopp4dn+ala6yxDi9
zNtgLQbxTEBQoc2BHepG0xor5S5gKbeIrlVFL81+UIQn/UrpdYCe5x46WCh6Qnde
9HfSe5Difv3T1hgS57GkRAVyHSt/XSYyTanjb+GXMyPqQS97EToosQSa/4P563bL
SYyqkoAkozjyfrjg+LFG86iLq+rDP5ay3CnI1FIfiAabSzlSNilv8TcBb6LuEojg
zR+0yf7Z11zngbR/cUQ5Or29xdKcwSv99QrzLkQqwBQ4ttpw2/TEHztQHFDeadKh
GRJqpPgHQISBQtOrEi9whdV7sV2dqbOizowmdrmquORHtJ7cCbrHXi6uQygX/EiN
CJ0YI1dXwFNtumvMrmBmJWg8kiZKP9OFwAyBj2CGc75ZR3fuV3AG+hBEeU5oCtPS
qmvNG8RrikDa9ygvCJ9RQXLrXdkDRo5mz20lafzmCzxiUt2G4ArE9iiRZzcdUkti
HKWF1pzJ7P4n5SWRkFl2u1Fq6FBOjjSFp1DDcoXpSh37UEQ6jV/ZZeShL6iMDJOI
N5iTWSk16z4TF0kwyseqfA9+O7Uq0a5+P72+7XGCMIHUV7DR4rjnQV+rMu5o7F/o
kAzlAoAIKIDaMzKHP4wHfcpCynuVsU0zZivCxR6Cwxw/T3vYSQ8kFvAqOdGuMxOy
NCgi5quWsynDufaK3ycLho8mJBuYpq9/PDJlH43AWhicZHG/VAI1I8/pxGQu2/VI
VrznZaAZZ9xJfleOuIuB6DunkavmMED0Ox4Z2aiQ0zAmQ9Q2NSPNd6gMvomGqpgO
CtYHfHgtnIEOrLm+mWcoXeckBeLrtiZhjFBAR0hY3jx/MpgrbT45L3lJ+uLfbAhd
SGZMMQ++1igt6CzPr52eBxuwBfrBxIXpjpOzpyakH99dND8WKwNz0oJClOYftlBp
+e2r4VBY6ncCx7js/PRziOiMijsFxIJRfDcXPtW70XpskaXm6vvNI0J9M+Qe2Hqt
aHW2cQIjohPPVmC07zunfUJTWfChi+pEi+Dc4dntCpofRrxK+Uyn5O82bps2vsG2
moBjYdrMm1Rk1gtGjbRHBtrRlhSFxCKVR4iBKaphvKcdqmdqypqQSJXG/bNbj5j7
+99gZbCMF4loxc6Y6BW6k5PaUr4oaGZOZHtQUJuUqQtFn9xX/2MpKYxhl0T+8hQO
KlQgLQb5ZI7aSc7hOc3gF1rS/zi5iWSfzxNQvlpUzFZlVqfN+AdtzLny5xn0w9Sb
Eiv1JWI7tfZp+nutUXUCNhGP1H8cbnloWSCLZ8Pu5p/rp4lQmyHjA7LLTn328tMS
brKHMkoscvgOf2vLKGAlK3R7FcKNJvFeNWyBkOtVB4SccYEp8YQqCcQvhp4I5xn7
qfxaZauxSrTOix3sQiUyp+oCSbGQ2xWkynsqcwppadhc6l3PImPlptgSyaLlXuYb
nA6TfZjbrVzfjB7+tm8MmQ5GEty0KcclrqUirBdfuUtwEQGz8VuItx2nYvL8pLby
O45C54ZXf4kdyGidx74GiEOb4JRTpgEl0JOb4/Ny3UfOkM75VzHvClwqqVq9ThwK
gN79XdJQtWxiNF+ZG2eky96CRRe/U8zHDHGOWYUE6VkCERhBlH+txdzddj3noNgQ
Xp5gSh2Bb9KlR11BX/yRTUTOPHDXcKw+X9/lhIEnKY0OvtyU505o4H4bI1hi+Jg3
ArmlpErwQ3GLEhsuQwEX18ndg/PfVJlnicTI8oBoWlRZ1zAdneSpNK+VZWqCBFmx
CH/vqMBNutGuWZxN2tqK8HrHF88J5gPVEnzWrTrhXSfPrXebM9m5FOTBepqgPNpn
DiogBfMnzX2uyEgDc+C8nsMpN97GBa+7Y9/uETp+vSb6v8MRXCCONbdMwiD+tBpj
K2fq73tv3FDThwZ/60h9cD/5b9OjDaLI5YxADHLWlu7UKPeWZNXbMABUkNfTJXJy
neTRR6Om3/cXSmv4CJjhSNsVAMZeFrGr9DP/yhjenckB+OVAfDZm0QiRkX9b7cQf
sViKPVDe0XT4bLXCOZ3ZVdP+WigGTRBp9WTTtw0KDqWmfY90bmxydFnv23KZ/mZf
xezdJWAvfe0hGRcar2nDymZD9Sk6N1/lypvMMXlp87jaO71+h+8TwG7aytOj/xLJ
7/rROFWJO73E0qtS69I36PwY4XA4jZLwmVRubfbx5L18JcVlHGkx9aAqKFyc0Rky
3S0PmQkZHuFmNPkE8UrW8Y5vcIUOUUoCTnvA3PZgDNHhm3uCBA4W0ClX9p0dvbCL
JWhd2L+mfMnwFC6J0hQK52Ap+HipK8sJzqearWzqd7MoY1qEvGqvlGEsV4KmlTS6
f4BhpadwgnQ8AU3ipARdp7t31yK3m5pRvfI9tbKfP5kGbOg8INNWMe2c0BqL+JET
GJ1UgSRRCB6YSLJdY1SlR1k9cjK8QVofRPC2dSPULHSysebqvpQs7RwBpk44wMq4
+O1OWSRjNakBFR8YXG1T6YAxMMpGS75KoMf/C/AI6rVHP9A6HLT7dNKCKUyfluo4
Rv6bivWQzM7wTVnw+zTIMondGFufyofeZ4+weY3EGTAU8PsD/MTxZSAVMoQ3bY83
ZDp55LHmf7AqmdksndnJD9zGQ7auDZnRvaszD6ddGH/FVafUP287ZucluhPhDffz
l/DfB+4AHNHfWKFHEBsCitkh/yfzbgaxlltjKnSZl6Fim0mVd16tC7ZnZ+K5fuIJ
THSDwxDqPBvN+h8uTMkLxeNiJs78ew6ZVgpFKch87XqMQt43EfZqupwPY+vQhjL/
eFvNPJvxbqwa/nkEjU7XOSdtfsf38wS8R1Xjo9WA3DEeFQ1xLjYVQhIP7zyVOfwj
7x+5psLvYKCtosC8IAZOFhJcg8tRQoNU39TfbBLU9JY/v9j3F2wMlyCBg/ZRWCZ+
BPSaWEHXr8liCwfwd2QQx2yi3vWep4zIz57X2WcpXlTXDCWL40sixcyxo2R1QxnG
a9CtsBT+Ov93smkaKtv587WTyEMpHKZ+xfG6BVz/iNE5GgH+3aC9ntP7DKKB8Rzo
f8+syuwCUmx1/v81e9ZQWYcn489/mYrNGgSvMgOxeMVKxe/yIMasCUpAyD25But/
a5KonqZSxxgx5/Zj9k0kzsD2+WMGgHTR5xtfK2akNUjmlIlZaLdN1Yke6RAAK2ZK
ZR54j/V2IKP+I+ZAVrYKN88dILwE2NR6Iopr+LWBzjUBdVv0lh62j0Co4Ff+S6u9
uIGa8ZXy5yWcyVREMMmOjJtgWrrbY+HgdfWhk1nVpqxM7fjTUw2OgdX3ZjVO2ohN
AGynweRQqZ1q3rU7isw/Mr6opdUTepmr2d/NWZb8SnretwLZS6kaEj/IsaqNvkJw
WsH6FYFYZgusH9H3M7daKcpYBZKpjMNfSoGAAiqrtqtlKWrItQe8mnUeOSY+sJV4
FWqa0A9vhfKxw0FuLIGx53txJvedwlKgvA88/IrgDT/ml1cmOs86Fif0uaxfJFuX
WJTThUi/gtN9b5uNJfIxKINmzSNSKqu9DNKxLg+GTatyVKBvOaqUOjjOt/sO4Qj8
+ucfaybRKf7oh3bMKlVGSDreQ/T3ZIx0qR+E/8ov3O/yxeJItLxTJDVaIAkltAde
cgDyCZnHIdLieQTut2uL17e6BfcwAzDbBbdZqtneeOQaQVI9CP6lrH9W80czV+py
fQLlaHQAcEIIzPUeLa91W8N0+Ls9ze60+0awTSBgzSbFDvpY82P8r50v1yBKT2Na
Dlj3Ps0Gy4j3ynyRE80Rx47k0+2TUqjGX3+qpQ52Zac+M2w2G/rxjNgceXv/+Tc8
IjJBvjX9cNNuIbRDqkh42WbMX0RsfmaUb73WNld7NR8TwHySv2PCoHw7b084zVE5
T7j+PAlbPnBgZUrrF8ALMNpAec9BTNImtD4Vi0PtKg4ArEKLQNaGwh7uj1wt30FO
9OzSDkZKtXBlpVuLcRxwoSFCP+wj+Fxt7CIkCUjRacTtugkTd9p6WRX4t0ccmraA
3j20UZ6RCnwR7N/29/8u1H4QWGzsazEyaB781+yoYTWtfUF8rMQn51oxQBHqH3NU
vAIlbknomF/SKT4aMIh+r0GwsuwhCHRSsplmo0+PdlI4XTPfU9H+UCY5xHu33K8L
3qrYK4IBHzvcKL7diSyap4wxfGiVys1RkoZLNH/WKKwXff4dCDB9b26FWfSTbL5q
CAKkyjJMhyKPSs+mJKlOk4PfkVJMNE9yx3oaLsbNYizGMwp/79uP+0asbTFT29Vo
n4B6c10oI2+biALkcbN2A39p0w5CHqiAZlWXDAwJs69ahtvrVHhDoiy3r1PfVqDi
2AijbQBzfEL7dgCY21DTyAxgnQ5X0kllppwdA8wtojWn61HsbsdpTCUoOA6hv2rA
0dCb+vM/hCdtYT4qQT2aA19OxjzGDhsPS1FHN3UwEOfOttQnUCpuylGVc5yPRbyK
/N8cBquOh0inUckzM2B6Dvd1aVtXTf6FDXv8FglRcBHt3Et53tM/w4lPpJrjRhrc
zkMI5SrixPIs9s/bUI6mFJJkoJ/Ft8Cr/Ve23XeVOre2BErXGqgRKuFIiNuMXoXd
2vc+Gg4uom8Tlk7VYL9hjy35h1uZ34EFWn36CdvCD2KWjOY8kmnUIBKcmVjKkReP
e+FMvKgYftKMZHe+vIQ29YmmbaDzxpsh5oCpfNlnZArAG4BWee9cMDhF1E86VDf+
OWR8NaV0gVtu/cDIqmp/MvhDFDth0/qrY0nBGujcG0JMBMqgM5S+JeRq2VvfIPS0
oXWZABjg+fwHc16zrzIbugqAvHv9PsgvVhOa4P/9j/fUA/uKjw8QwFUdH6VfPOt2
NLmyZUQvy2dtFDYtkHQquHNMTkccmJQpVOt7n2uSwzaoxbKEIYUm3wt5uUBU318o
bfb8TXNCWOjkRjvaoiu0XhIjAWaxyLJ70fBB4RI3N9NCT4FI1xF4jEePWbDD+i0a
+24AhIjxjlZUaY89nhrPkqgU9lFXxzQoZZsFaHss92oEgi4uRD0oWh575z5wDUup
vkvg0h3+ZJFMfj61Q3+DnZsMWrRIS9MywUoJn2ADHgMRY//FMa1aZaRYoWO/Baog
8TQj5ojhnSfUrRNYV5sp7XltYz76v0xUEG8Rvxb58lR4aGUg2R3TkMbkqwG9SF0X
pV819eY8cQvkHgHhiOw5guIBv50dHIcrpBxefEzTJuZ5KkPmQtYMHxOohM+POVLu
SK+61DwBKqDVmQuFTswBKlJCN21/ctvPVFCgfflPBogHmuP964uw4Xhmt8IBj1CR
XtP+9SpOrCBAUiSS1LmN7IrTBCEHMGiCsdYRoTR8Fv227N+JMIBZBKp0X/VbSTzg
IWPe9fh3ZL6vHk2mFLRv2ni9T4WXFVuAvZBVF2yL2s477HRKUzHycf3Dw2hgfUUV
hpP5eAlASS5zqLMC0w19ShACx5/cGmwpB1HMvH0GBzfBGDTNOqdIDtcKYCiObAkR
i5eMRwBGpZsHd6Ybej7ezx0vvnQkA+cywxH3Q6FAxGdbOLKSc4uDz2sz3q5JVgeT
zAlV2fBtkjz8wRVQka0jXtz5DFlOE+4Zf66L6Hjrdg6VMDP2oFOuIZiKEG2ZioyJ
5TeJrPYTADEzRNunZ6q94+P01jzpO/l7X/Huk+k81IFRxvJQKouI0nRAq4yRJo2C
tgJ+D+/IVK3e8Jbxjl+KH54SBYRJKQvMolTNMvRvBomSpdcjTFwsNVJC05rBESHv
FJR3LHiGIrmKUDdAzRZ64WlLexl78YVrQJ6O65jfyB+4RGaTbY+InBBSkihSDIee
zv1gDT+1e7uEfPWsehC5+ZOzVxesUVDHEcld/iIKLcG8SegVYmYBXz6AzIKnq0Rr
y1TpZRp6FgAJIFvI4bkmT2hGq5BAnKyPD0db5GxPaOe6co8RWftDIkDWD2HSDm8s
iYvTutyktDxYGYRvN5T9nL393nz+RxgmcfzuZ9yu0nerq0YcmMT43H9BUZvg4atd
K7T+0rPaDkMZNx3k8bKsHDFYQFcfiMc0P2fz7Ozvf2zHfYnpakRaZyCN4uBupi18
PtnOVVC8j6Skzys8BMCi1guqIISQLFVpl5P94n5m01UmjgF7zF6YL8/kxgFSCj4D
NRXRcKEdroG8IrwKs7sLDC5I7UaSx8Y0w77mHK7ItOJuaPF9X7KErs+/ac4FOyPN
SAyQl2JUGpDgfLGtq/peI5bYqYTkCFcERC7nQ1+PDBUYzgwIJElkt4F950PDQlh8
D9Dn1i6r2ITQYtauNBIh6bkaWVtukHMGw9mqqfG+YVE77dEpNfqnaGiFRMo1d4yf
PJ1dyH1s9Q4ScdbhoZ/tIGLmFMj4I1RFNb/e2ZMq88rPwW9IUeX9xg5JlyvuHVnT
WHXer8CKkYCw5hcUgnHv0SZN+Ly5dhgnFR27zax7ZnqZyLBC2GooRI+vB+0JTIXK
FSAEu7/rYKC/b5bejHtRU8Oxy13OF7TA3fZdcxNboc/B9PXThmzfZUvtKiQ92Xwl
Erx85oVMWyhMsmO1k3TUHITdbwj/ECyXtGC161xX0sCJuGqXiVsAqWU1FyWuQgIT
TfZES5RBNoDiONdAb/uektPPBqRIvfO/9wz3IBBQ2y4d5QFl/lVr4RRs/Q++n70q
NkpjgN9NKB+9/c5aFkrYKxwlksy4M18yUSD+5pcHXhINiNOzjMM4s6/zMMT3/p6F
DIJ/RtNXo/59LteTszC5CVdym9ZQMqleXoGGeAB3nzYEUIFWLv+IBQFsUNEnj9mn
LJjLm/T5hDmeey36dnq+iP4y5cxn9X3NL45BgpNf0mvykt20LecoS3YU0tWku1GP
IxPtRmBQJCRYIVCj7fwX3YQL6xi+t+YFa1jrgxHwBsZQOeR4bo4CVIOrxNy8H0pG
GYRDmeJ01CZsdEEh54Mw3ibAyt9g3MDIi6o1yktDYy0lX/hOkmPWIxrtkEOP1tUH
EjF3hrXRgfXVs8mZh3sS8CQIJj/M2fg3TdGxEC87cUO5fs2zl9rONKMvJXPF4Kcu
et3ZS78bAFZ2ROvh73CMX7tFLqBdHUA6Tn2nZ9CscxMgxGQLB1U8HPguixX5JR+2
0yPyOsFKQWQUQ+7ZG799+sTutmZnqSoT9rBC/mR7EhqyN++NJ9+am1QebG8gzvJN
z1tgaUnD5C72Y2JOhPwWbr7m8HvIVODRoBg0Wru4edlPX5T+/pA/EviJh4zHonRD
sOg4AgPLttJQm5iaWnAHzkjzFfuPs8bHKG9Yxr+u8O/MBxqncM/bA4GfhRwe4Hm4
cvQ4Y9CqQs4X+eJguYgQZ3Kolm6O4QpShV3f23FK3sY4F0V+4mx6E68W13cBQ6hf
qAX+kjuI41ff24qVZmspGpDPBEl3koBJ5N0TTwB2EG0Lw8Ph0s/OdZg2t48ou6kb
znJToHARFmCkZ9uhV5K5zmLfd0VFe0WblhIL34b/aob37w83uwt6BA/LEhClShgQ
0pDZTcYdS+DcMbau539XfgQ2LRD7wN3B5ToE7SSyjrMK9y+bJwqTIEA1Hi3bFwv+
IxHiu14boQQ27pNtJtxxpWKlpAvOR9zvQtoMuSyabQSrDXIRDH6M+iRokch18nfO
Jw2nhEvJDgy7gHj43Na1UcFQBz25CZhb2UfFXLaUubxfZaEE1cxkFk+Tsj98/4Kb
JaVFcdzMIHxMoTkv4lF/fsc4cA0+hvXVGdcpbLyAKucG81zUiqyR5jV+R/u/ZIWc
AylVFpxyPEonI9nC+WKR5xLr6DT1dETrP+6P60QvncOVOBB2Lp3E5koZc+61Fa8y
UfxB+A7krQ38nCveBBkcrw4Yn1gv0p535UpI6zt/HWk/K9eM49A/kOZ7+z85+qq3
YW9wxEZRorHJbChDimnR0ho7iCCRql2GzWHPk+HdlOWCf9ekZfdZG41ZsfXH984P
lqXlSp3y/0A6Vw+jdL+iHjwsNmRSsnSVKTyCoe+zPfqVS4fIqiAx5RzgUsBdI9uR
/aOEpYrWFZspSBSm80BfdTUhfXAMfTTmZa6fTYHe8qWcHYaGIpknfSOOWgS6ndt5
ZgD3osNoql3F5mT6C5WcG9dNLH4f99MIChV1pEJQJ8vpaDvVtghlOl6/veG/JxoU
hn/BHFo/BQqeapcOAWZYIbIEXaN8PNe7PBLkC+IlVZs+Qh5ujEJN615NOnwSZmML
sXvP6Oer5FDobrKffm5ie2KWSUcLT+PyXtHEu/PakvNSrlnvcH+n1ojGSABsJBOR
iSOLeIqjY42jHpdbsn2dOxikCbXNCT1P+epZl6aQeXeMzpjrCkvuJK1fLUKlz7Rz
/XP56P49w2p3N6IDLBmfiW4LK/ay/Kkv53Evw0d/MN0E/P3jAbibTm85/sR74gmo
NbfElmuAyfS/WDURkG0Vrp/LoQ0Z2WukRafx8qx6/9fkAegQS+eRVLz8evNlfpeX
3CXeZQOI6Yzb5I0ySfoE4+KARMwXY7vgZ852Ixs2PI4epLKFCKeGGUJUQg+fnOdi
TfXu4JBIr/fMcmccAnhEJ56yRYhpvnnM0oj8IFRY0+9xMeDW+Zpm7zRZIXgmRIyt
7U+cUZsrnrKnyYwe737p7GjBt+WS51/90iwb/4Z44A3qa7L57EietgA1RtTeOu2+
jfdwz5xw3ucd41IPzBvnc7cOmo28ytip2VyuRafue6X44jgVA436g2MCV6HS3JeH
rH30sGBa89W45Dywip+62A9HY4U7ZDDzYeuNaiRcEajuD25QPq9gt72rbscTHEzj
+F3VGBZVfbHgT7VTVxDUVNXlCmywXNhBGC+kh0Hb942F2XqBUoVKiyrjrT5QIR+M
tT8nwN12oJR8kzoOKhTu5pBSQUQUKso1W/hILu1uCOFtuz4nbhqXULj+wEg1xbsM
Dv2+2nZKWQ7sT7HWm9+KDntWdWF4/5YsgH9NCzSq4u5ORCNtz9B6Cq2uMMfmRFvf
6D12KY7DnEDk4pgLpADP0NsooKcm0FVxlJviH3/5hxo5zqqBifGRur7pdfaAw9+H
AuW3T1ftYcDLivspp92d5zBGVlGl+KVg7EbY2GvgdPF3HRPsRIHqpW65LDuBMfJs
y/BWdvBGe6caEnAwT7w4zZP28QYpPFaPgHr0SRXJ2Mh7S/5uUGOi9WEaxiPQtq72
2F/QegXJj93gj3x5wqQuswJ4Z+2U0/YAis0TwJDp2yYXqKj8DYIkVnjfEMTXRETc
/EdSvZ2RYS5uWTtGoevoa+gbnFGg8webV7+MOKOlHJNrho/kwIKCAq+BZufhkdSE
kzB9Dpfzune35gw7V0QasLf7SqR4dNO+JIT2e0GR5EyyR2yb/iKHE7GePn9fB/+Q
rDhi8d2wkQGDkJdwdm255dX5ge3XmBipvsLhACCmzzeZLSJhDNqaGk9zF5jiv+TZ
X0aWjjq9iIQtKqX9VsurcBVUcZmPxCkV7JifSEPXVl3jIrHU6c3QYnTzHRY8CO+k
FejglIfdOe95havpRD6DwvKYxVX2CmR3+15gQZTLgtm1d8L50d81CYbQAMa5ztWv
yjDY3tz3fN+ku7QMtoE/bh7a0RKcAvjNX7pHNtKlJOPr3q0yAIPnyLFjyDeaL7wX
yxajIZS04AFQ2B8ayFMwwaQDqRcj+5mRkFQ2l9qNfC7GVW8CThCHuIDkfnfQBmue
W7Rbf99m+/ir+QeIO0IyPadeAFE4kPMLObbL5K2Kxs13a6sVTb+hDSzgkLFs6QuA
BCjfPR8cVrrTlQ9+JhZCe74N7P8upDJHJdKbSCbAdmhwYihsDQSofNgs7qFkd3xF
nqnfZcrMv/q5246WtUjxIl+kLW3aqg+gEN2+p9a2Yhg5zrKmTBdkwyYCNvtQ2fZ7
cRIQllUZhQJ8C5FgBkWWxgiPKrYnewhf+u5iUnhfHeSTBBTymF9mIwmvg/Vv2env
vFFkbRW4YHad0fpZiMMC6LIuEQtXJZjP2BySLCI/vb4Gn5Yod65vGAMrx5ygRELD
iyqoXhK5+2ePXSKPUOSlYA+vyg8BLtJaPCx9en27vgu6EHtuIlYiVrJ6V0C8FQpM
79WD05l40Gery8ljoM1SuKyk0Be1mkH6DRxPG4OnaRzkcSF3JE2e/qSFxUprz/mr
U3kDNQFSHHnx19w45fUD7vXcFbs6wJKsKcOSN5JAYX8pkRyLZajJ2mGQ7nIQXNjt
o6arp3qEHV6qfL9DV/oMnXtL3anbLTN8ch6eBcc6V+KAj2DadqNzztNmiTiCRNIk
LkkBOdltohMW1aJaLJCBdOBrbIqnY6abOhZWo7nBQTyW0veSVNfUpj8AMwfKMvX0
fp2gohBTF/VPpEwCRDbQC1r6vvdL0v9FNJ8//QqWRa9VLr/MAy4VjP8SOomu3ddm
ZUgDilcWaab+VvX+Wx2FhXMmQTizS4PsnmdOdERzE72UiGmiWEHzooufWpEv3JKA
ef1Y0mx1dBIBRtt3/66GjAG4ImCPHNSXKDQkDB34lPzXaUem438rr2XfQg8bp4Do
ZsF9va7Vdk2IeyHhTbMtnWyeJuzBkSYBQqfzkZEkoIp4S664LgbwWJgxp6uSQg/7
3fuJAxjTQD1limbUJDUHyV1oyjunkhIa7A==
=QLRf
-----END PGP MESSAGE-----
