VC:46e9e7d BD:Jun  9 2016 SN:US4300160800001173
                     Time,      [CH4]_ppm,   [CH4]_ppm_sd,     [CH4L]_ppm,  [CH4L]_ppm_sd,     [CH4H]_ppm,  [CH4H]_ppm_sd,      [H2O]_ppm,   [H2O]_ppm_sd,      [CO2]_ppm,   [CO2]_ppm_sd,     [CH4]d_ppm,  [CH4]d_ppm_sd,     [CO2]d_ppm,  [CO2]d_ppm_sd,      GasP_torr,   GasP_torr_sd,         GasT_C,      GasT_C_sd,         AmbT_C,      AmbT_C_sd,         RD0_us,      RD0_us_sd,         RD1_us,      RD1_us_sd,       Fit_Flag,      MIU_VALVE,       MIU_DESC
  07/24/2018 15:26:07.163,    2.55341e+03,    0.00000e+00,   -1.00000e-02,    0.00000e+00,    2.55341e+03,    0.00000e+00,    1.34441e+02,    0.00000e+00,   -1.00000e-02,    0.00000e+00,   -1.00013e-02,    0.00000e+00,   -1.00013e-02,    0.00000e+00,    1.40039e+02,    0.00000e+00,    3.51048e+01,    0.00000e+00,    4.01790e+01,    0.00000e+00,    1.06009e+01,    0.00000e+00,    1.15295e+01,    0.00000e+00,              3,              0,       1 meters
  07/24/2018 15:26:08.159,    1.37615e+03,    0.00000e+00,   -1.00000e-02,    0.00000e+00,    1.37615e+03,    0.00000e+00,    3.11336e+02,    0.00000e+00,   -1.00000e-02,    0.00000e+00,   -1.00031e-02,    0.00000e+00,   -1.00031e-02,    0.00000e+00,    1.40079e+02,    0.00000e+00,    3.51051e+01,    0.00000e+00,    4.01724e+01,    0.00000e+00,    1.05999e+01,    0.00000e+00,    1.14965e+01,    0.00000e+00,              3,              0,       1 meters
  07/24/2018 15:26:09.156,    1.94207e+03,    0.00000e+00,   -1.00000e-02,    0.00000e+00,    1.94207e+03,    0.00000e+00,    2.59769e+02,    0.00000e+00,   -1.00000e-02,    0.00000e+00,   -1.00026e-02,    0.00000e+00,   -1.00026e-02,    0.00000e+00,    1.40016e+02,    0.00000e+00,    3.51059e+01,    0.00000e+00,    4.01773e+01,    0.00000e+00,    1.06025e+01,    0.00000e+00,    1.14356e+01,    0.00000e+00,              3,              0,       1 meters
  07/24/2018 15:26:10.151,    2.47506e+03,    0.00000e+00,   -1.00000e-02,    0.00000e+00,    2.47506e+03,    0.00000e+00,    1.70855e+02,    0.00000e+00,   -1.00000e-02,    0.00000e+00,   -1.00017e-02,    0.00000e+00,   -1.00017e-02,    0.00000e+00,    1.40075e+02,    0.00000e+00,    3.51061e+01,    0.00000e+00,    4.01717e+01,    0.00000e+00,    1.06023e+01,    0.00000e+00,    1.15195e+01,    0.00000e+00,              3,              0,       1 meters
  07/24/2018 15:26:11.145,    2.66710e+03,    0.00000e+00,   -1.00000e-02,    0.00000e+00,    2.66710e+03,    0.00000e+00,    4.15183e+01,    0.00000e+00,   -1.00000e-02,    0.00000e+00,   -1.00004e-02,    0.00000e+00,   -1.00004e-02,    0.00000e+00,    1.40078e+02,    0.00000e+00,    3.51067e+01,    0.00000e+00,    4.01697e+01,    0.00000e+00,    1.05999e+01,    0.00000e+00,    1.15827e+01,    0.00000e+00,              3,              0,       1 meters
  07/24/2018 15:26:12.140,    7.06683e+02,    0.00000e+00,   -1.00000e-02,    0.00000e+00,    7.06683e+02,    0.00000e+00,    2.42227e+02,    0.00000e+00,   -1.00000e-02,    0.00000e+00,   -1.00024e-02,    0.00000e+00,   -1.00024e-02,    0.00000e+00,    1.40064e+02,    0.00000e+00,    3.51068e+01,    0.00000e+00,    4.01675e+01,    0.00000e+00,    1.06002e+01,    0.00000e+00,    1.14421e+01,    0.00000e+00,              3,              0,       1 meters
  07/24/2018 15:26:13.138,    6.54422e+02,    0.00000e+00,   -1.00000e-02,    0.00000e+00,    6.54422e+02,    0.00000e+00,    2.36133e+02,    0.00000e+00,   -1.00000e-02,    0.00000e+00,   -1.00024e-02,    0.00000e+00,   -1.00024e-02,    0.00000e+00,    1.40086e+02,    0.00000e+00,    3.51073e+01,    0.00000e+00,    4.01613e+01,    0.00000e+00,    1.05989e+01,    0.00000e+00,    1.14795e+01,    0.00000e+00,              3,              0,       1 meters
  07/24/2018 15:26:14.136,    1.45351e+03,    0.00000e+00,   -1.00000e-02,    0.00000e+00,    1.45351e+03,    0.00000e+00,    2.24105e+02,    0.00000e+00,   -1.00000e-02,    0.00000e+00,   -1.00022e-02,    0.00000e+00,   -1.00022e-02,    0.00000e+00,    1.40018e+02,    0.00000e+00,    3.51084e+01,    0.00000e+00,    4.01607e+01,    0.00000e+00,    1.06004e+01,    0.00000e+00,    1.14852e+01,    0.00000e+00,              3,              0,       1 meters
  07/24/2018 15:26:15.132,    1.97848e+03,    0.00000e+00,   -1.00000e-02,    0.00000e+00,    1.97848e+03,    0.00000e+00,    6.21592e+01,    0.00000e+00,   -1.00000e-02,    0.00000e+00,   -1.00006e-02,    0.00000e+00,   -1.00006e-02,    0.00000e+00,    1.40071e+02,    0.00000e+00,    3.51081e+01,    0.00000e+00,    4.01550e+01,    0.00000e+00,    1.06029e+01,    0.00000e+00,    1.15245e+01,    0.00000e+00,              3,              0,       1 meters
  07/24/2018 15:26:16.128,    1.60845e+03,    0.00000e+00,   -1.00000e-02,    0.00000e+00,    1.60845e+03,    0.00000e+00,    1.21123e+02,    0.00000e+00,   -1.00000e-02,    0.00000e+00,   -1.00012e-02,    0.00000e+00,   -1.00012e-02,    0.00000e+00,    1.40053e+02,    0.00000e+00,    3.51089e+01,    0.00000e+00,    4.01496e+01,    0.00000e+00,    1.06019e+01,    0.00000e+00,    1.14958e+01,    0.00000e+00,              3,              0,       1 meters
  07/24/2018 15:26:17.124,    1.46168e+03,    0.00000e+00,   -1.00000e-02,    0.00000e+00,    1.46168e+03,    0.00000e+00,    2.37092e+02,    0.00000e+00,   -1.00000e-02,    0.00000e+00,   -1.00024e-02,    0.00000e+00,   -1.00024e-02,    0.00000e+00,    1.40059e+02,    0.00000e+00,    3.51094e+01,    0.00000e+00,    4.01475e+01,    0.00000e+00,    1.06010e+01,    0.00000e+00,    1.14939e+01,    0.00000e+00,              3,              0,       1 meters
  07/24/2018 15:26:18.119,    2.65034e+03,    0.00000e+00,   -1.00000e-02,    0.00000e+00,    2.65034e+03,    0.00000e+00,    6.20526e+01,    0.00000e+00,   -1.00000e-02,    0.00000e+00,   -1.00006e-02,    0.00000e+00,   -1.00006e-02,    0.00000e+00,    1.40091e+02,    0.00000e+00,    3.51097e+01,    0.00000e+00,    4.01465e+01,    0.00000e+00,    1.05995e+01,    0.00000e+00,    1.15403e+01,    0.00000e+00,              3,              0,       1 meters
  07/24/2018 15:26:19.116,    2.04785e+03,    0.00000e+00,   -1.00000e-02,    0.00000e+00,    2.04785e+03,    0.00000e+00,    1.29101e+02,    0.00000e+00,   -1.00000e-02,    0.00000e+00,   -1.00013e-02,    0.00000e+00,   -1.00013e-02,    0.00000e+00,    1.40020e+02,    0.00000e+00,    3.51106e+01,    0.00000e+00,    4.01502e+01,    0.00000e+00,    1.05995e+01,    0.00000e+00,    1.15077e+01,    0.00000e+00,              3,              0,       1 meters
  07/24/2018 15:26:20.110,    2.05369e+03,    0.00000e+00,   -1.00000e-02,    0.00000e+00,    2.05369e+03,    0.00000e+00,    1.10469e+02,    0.00000e+00,   -1.00000e-02,    0.00000e+00,   -1.00011e-02,    0.00000e+00,   -1.00011e-02,    0.00000e+00,    1.40068e+02,    0.00000e+00,    3.51107e+01,    0.00000e+00,    4.01482e+01,    0.00000e+00,    1.05977e+01,    0.00000e+00,    1.15190e+01,    0.00000e+00,              3,              0,       1 meters
  07/24/2018 15:26:21.105,    2.37276e+03,    0.00000e+00,   -1.00000e-02,    0.00000e+00,    2.37276e+03,    0.00000e+00,   -1.00000e-02,    0.00000e+00,   -1.00000e-02,    0.00000e+00,   -1.00000e-02,    0.00000e+00,   -1.00000e-02,    0.00000e+00,    1.40026e+02,    0.00000e+00,    3.51112e+01,    0.00000e+00,    4.01473e+01,    0.00000e+00,    1.05983e+01,    0.00000e+00,    1.15442e+01,    0.00000e+00,              3,              0,       1 meters
  07/24/2018 15:26:22.100,    3.00177e+03,    0.00000e+00,   -1.00000e-02,    0.00000e+00,    3.00177e+03,    0.00000e+00,   -1.00000e-02,    0.00000e+00,   -1.00000e-02,    0.00000e+00,   -1.00000e-02,    0.00000e+00,   -1.00000e-02,    0.00000e+00,    1.40057e+02,    0.00000e+00,    3.51118e+01,    0.00000e+00,    4.01379e+01,    0.00000e+00,    1.06036e+01,    0.00000e+00,    1.15654e+01,    0.00000e+00,              3,              0,       1 meters
  07/24/2018 15:26:23.096,    2.63788e+03,    0.00000e+00,   -1.00000e-02,    0.00000e+00,    2.63788e+03,    0.00000e+00,   -1.00000e-02,    0.00000e+00,   -1.00000e-02,    0.00000e+00,   -1.00000e-02,    0.00000e+00,   -1.00000e-02,    0.00000e+00,    1.40091e+02,    0.00000e+00,    3.51118e+01,    0.00000e+00,    4.01266e+01,    0.00000e+00,    1.06009e+01,    0.00000e+00,    1.15880e+01,    0.00000e+00,              3,              0,       1 meters
  07/24/2018 15:26:24.091,    2.52416e+03,    0.00000e+00,   -1.00000e-02,    0.00000e+00,    2.52416e+03,    0.00000e+00,    2.78853e+01,    0.00000e+00,   -1.00000e-02,    0.00000e+00,   -1.00003e-02,    0.00000e+00,   -1.00003e-02,    0.00000e+00,    1.40047e+02,    0.00000e+00,    3.51121e+01,    0.00000e+00,    4.01237e+01,    0.00000e+00,    1.05999e+01,    0.00000e+00,    1.15624e+01,    0.00000e+00,              3,              0,       1 meters
  07/24/2018 15:26:25.087,   -1.00000e-02,    0.00000e+00,   -1.00000e-02,    0.00000e+00,    2.05990e+01,    0.00000e+00,    3.68168e+02,    0.00000e+00,   -1.00000e-02,    0.00000e+00,   -1.00037e-02,    0.00000e+00,   -1.00037e-02,    0.00000e+00,    1.40091e+02,    0.00000e+00,    3.51124e+01,    0.00000e+00,    4.01213e+01,    0.00000e+00,    1.05986e+01,    0.00000e+00,    1.14439e+01,    0.00000e+00,              3,              0,       1 meters
  07/24/2018 15:26:26.082,   -1.00000e-02,    0.00000e+00,   -1.00000e-02,    0.00000e+00,   -1.00000e-02,    0.00000e+00,    3.08642e+02,    0.00000e+00,   -1.00000e-02,    0.00000e+00,   -1.00031e-02,    0.00000e+00,   -1.00031e-02,    0.00000e+00,    1.40028e+02,    0.00000e+00,    3.51132e+01,    0.00000e+00,    4.01202e+01,    0.00000e+00,    1.05997e+01,    0.00000e+00,    1.14308e+01,    0.00000e+00,              3,              0,       1 meters
  07/24/2018 15:26:27.077,    8.76152e+02,    0.00000e+00,   -1.00000e-02,    0.00000e+00,    8.76152e+02,    0.00000e+00,    3.30388e+02,    0.00000e+00,   -1.00000e-02,    0.00000e+00,   -1.00033e-02,    0.00000e+00,   -1.00033e-02,    0.00000e+00,    1.40064e+02,    0.00000e+00,    3.51140e+01,    0.00000e+00,    4.01186e+01,    0.00000e+00,    1.05982e+01,    0.00000e+00,    1.14635e+01,    0.00000e+00,              3,              0,       1 meters
  07/24/2018 15:26:28.072,   -1.00000e-02,    0.00000e+00,   -1.00000e-02,    0.00000e+00,   -1.00000e-02,    0.00000e+00,    4.56539e+02,    0.00000e+00,   -1.00000e-02,    0.00000e+00,   -1.00046e-02,    0.00000e+00,   -1.00046e-02,    0.00000e+00,    1.40037e+02,    0.00000e+00,    3.51149e+01,    0.00000e+00,    4.01154e+01,    0.00000e+00,    1.05980e+01,    0.00000e+00,    1.14009e+01,    0.00000e+00,              3,              0,       1 meters
  07/24/2018 15:26:29.068,   -1.00000e-02,    0.00000e+00,   -1.00000e-02,    0.00000e+00,   -1.00000e-02,    0.00000e+00,    4.09732e+02,    0.00000e+00,   -1.00000e-02,    0.00000e+00,   -1.00041e-02,    0.00000e+00,   -1.00041e-02,    0.00000e+00,    1.40039e+02,    0.00000e+00,    3.51145e+01,    0.00000e+00,    4.01145e+01,    0.00000e+00,    1.06027e+01,    0.00000e+00,    1.13953e+01,    0.00000e+00,              3,              0,       1 meters
  07/24/2018 15:26:30.064,   -1.00000e-02,    0.00000e+00,   -1.00000e-02,    0.00000e+00,   -1.00000e-02,    0.00000e+00,    4.24225e+02,    0.00000e+00,   -1.00000e-02,    0.00000e+00,   -1.00042e-02,    0.00000e+00,   -1.00042e-02,    0.00000e+00,    1.40094e+02,    0.00000e+00,    3.51147e+01,    0.00000e+00,    4.01097e+01,    0.00000e+00,    1.05930e+01,    0.00000e+00,    1.14679e+01,    0.00000e+00,              3,              0,       1 meters
  07/24/2018 15:26:31.059,   -1.00000e-02,    0.00000e+00,   -1.00000e-02,    0.00000e+00,   -1.00000e-02,    0.00000e+00,    5.16546e+02,    0.00000e+00,   -1.00000e-02,    0.00000e+00,   -1.00052e-02,    0.00000e+00,   -1.00052e-02,    0.00000e+00,    1.40039e+02,    0.00000e+00,    3.51150e+01,    0.00000e+00,    4.01064e+01,    0.00000e+00,    1.05966e+01,    0.00000e+00,    1.14029e+01,    0.00000e+00,              3,              0,       1 meters
  07/24/2018 15:26:32.054,   -1.00000e-02,    0.00000e+00,   -1.00000e-02,    0.00000e+00,   -1.00000e-02,    0.00000e+00,    4.29796e+02,    0.00000e+00,   -1.00000e-02,    0.00000e+00,   -1.00043e-02,    0.00000e+00,   -1.00043e-02,    0.00000e+00,    1.40093e+02,    0.00000e+00,    3.51147e+01,    0.00000e+00,    4.00947e+01,    0.00000e+00,    1.06006e+01,    0.00000e+00,    1.14140e+01,    0.00000e+00,              3,              0,       1 meters
  07/24/2018 15:26:33.049,   -1.00000e-02,    0.00000e+00,   -1.00000e-02,    0.00000e+00,   -1.00000e-02,    0.00000e+00,    5.68271e+02,    0.00000e+00,   -1.00000e-02,    0.00000e+00,   -1.00057e-02,    0.00000e+00,   -1.00057e-02,    0.00000e+00,    1.40045e+02,    0.00000e+00,    3.51155e+01,    0.00000e+00,    4.00895e+01,    0.00000e+00,    1.05950e+01,    0.00000e+00,    1.13492e+01,    0.00000e+00,              3,              0,       1 meters
  07/24/2018 15:26:34.045,   -1.00000e-02,    0.00000e+00,   -1.00000e-02,    0.00000e+00,   -1.00000e-02,    0.00000e+00,    5.25562e+02,    0.00000e+00,   -1.00000e-02,    0.00000e+00,   -1.00053e-02,    0.00000e+00,   -1.00053e-02,    0.00000e+00,    1.40038e+02,    0.00000e+00,    3.51156e+01,    0.00000e+00,    4.00833e+01,    0.00000e+00,    1.05997e+01,    0.00000e+00,    1.13696e+01,    0.00000e+00,              3,              0,       1 meters
  07/24/2018 15:26:35.040,   -1.00000e-02,    0.00000e+00,   -1.00000e-02,    0.00000e+00,   -1.00000e-02,    0.00000e+00,    5.13795e+02,    0.00000e+00,   -1.00000e-02,    0.00000e+00,   -1.00051e-02,    0.00000e+00,   -1.00051e-02,    0.00000e+00,    1.40072e+02,    0.00000e+00,    3.51159e+01,    0.00000e+00,    4.00758e+01,    0.00000e+00,    1.05959e+01,    0.00000e+00,    1.13981e+01,    0.00000e+00,              3,              0,       1 meters
  07/24/2018 15:26:36.035,   -1.00000e-02,    0.00000e+00,   -1.00000e-02,    0.00000e+00,   -1.00000e-02,    0.00000e+00,    3.87446e+02,    0.00000e+00,   -1.00000e-02,    0.00000e+00,   -1.00039e-02,    0.00000e+00,   -1.00039e-02,    0.00000e+00,    1.40031e+02,    0.00000e+00,    3.51164e+01,    0.00000e+00,    4.00727e+01,    0.00000e+00,    1.05922e+01,    0.00000e+00,    1.13815e+01,    0.00000e+00,              3,              0,       1 meters
  07/24/2018 15:26:37.031,   -1.00000e-02,    0.00000e+00,   -1.00000e-02,    0.00000e+00,   -1.00000e-02,    0.00000e+00,    2.27381e+02,    0.00000e+00,   -1.00000e-02,    0.00000e+00,   -1.00023e-02,    0.00000e+00,   -1.00023e-02,    0.00000e+00,    1.40092e+02,    0.00000e+00,    3.51164e+01,    0.00000e+00,    4.00686e+01,    0.00000e+00,    1.05989e+01,    0.00000e+00,    1.14453e+01,    0.00000e+00,              3,              0,       1 meters
  07/24/2018 15:26:38.026,    9.54715e+02,    0.00000e+00,   -1.00000e-02,    0.00000e+00,    9.54715e+02,    0.00000e+00,    1.05872e+02,    0.00000e+00,   -1.00000e-02,    0.00000e+00,   -1.00011e-02,    0.00000e+00,   -1.00011e-02,    0.00000e+00,    1.40049e+02,    0.00000e+00,    3.51171e+01,    0.00000e+00,    4.00674e+01,    0.00000e+00,    1.05980e+01,    0.00000e+00,    1.14582e+01,    0.00000e+00,              3,              0,       1 meters
  07/24/2018 15:26:39.022,   -1.00000e-02,    0.00000e+00,   -1.00000e-02,    0.00000e+00,   -1.00000e-02,    0.00000e+00,    6.69311e+01,    0.00000e+00,   -1.00000e-02,    0.00000e+00,   -1.00007e-02,    0.00000e+00,   -1.00007e-02,    0.00000e+00,    1.40084e+02,    0.00000e+00,    3.51177e+01,    0.00000e+00,    4.00598e+01,    0.00000e+00,    1.05978e+01,    0.00000e+00,    1.14416e+01,    0.00000e+00,              3,              0,       1 meters
  07/24/2018 15:26:40.017,    5.41498e+02,    0.00000e+00,   -1.00000e-02,    0.00000e+00,    5.41498e+02,    0.00000e+00,   -1.00000e-02,    0.00000e+00,   -1.00000e-02,    0.00000e+00,   -1.00000e-02,    0.00000e+00,   -1.00000e-02,    0.00000e+00,    1.40063e+02,    0.00000e+00,    3.51183e+01,    0.00000e+00,    4.00551e+01,    0.00000e+00,    1.06003e+01,    0.00000e+00,    1.14481e+01,    0.00000e+00,              3,              0,       1 meters
  07/24/2018 15:26:41.012,   -1.00000e-02,    0.00000e+00,   -1.00000e-02,    0.00000e+00,   -1.00000e-02,    0.00000e+00,   -1.00000e-02,    0.00000e+00,   -1.00000e-02,    0.00000e+00,   -1.00000e-02,    0.00000e+00,   -1.00000e-02,    0.00000e+00,    1.40026e+02,    0.00000e+00,    3.51192e+01,    0.00000e+00,    4.00464e+01,    0.00000e+00,    1.05993e+01,    0.00000e+00,    1.14092e+01,    0.00000e+00,              3,              0,       1 meters
  07/24/2018 15:26:42.007,   -1.00000e-02,    0.00000e+00,   -1.00000e-02,    0.00000e+00,   -1.00000e-02,    0.00000e+00,   -1.00000e-02,    0.00000e+00,   -1.00000e-02,    0.00000e+00,   -1.00000e-02,    0.00000e+00,   -1.00000e-02,    0.00000e+00,    1.40088e+02,    0.00000e+00,    3.51197e+01,    0.00000e+00,    4.00394e+01,    0.00000e+00,    1.05971e+01,    0.00000e+00,    1.13620e+01,    0.00000e+00,              3,              0,       1 meters
  07/24/2018 15:26:43.003,   -1.00000e-02,    0.00000e+00,   -1.00000e-02,    0.00000e+00,   -1.00000e-02,    0.00000e+00,   -1.00000e-02,    0.00000e+00,   -1.00000e-02,    0.00000e+00,   -1.00000e-02,    0.00000e+00,   -1.00000e-02,    0.00000e+00,    1.40021e+02,    0.00000e+00,    3.51208e+01,    0.00000e+00,    4.00426e+01,    0.00000e+00,    1.05950e+01,    0.00000e+00,    1.13934e+01,    0.00000e+00,              3,              0,       1 meters
  07/24/2018 15:26:43.998,   -1.00000e-02,    0.00000e+00,   -1.00000e-02,    0.00000e+00,   -1.00000e-02,    0.00000e+00,   -1.00000e-02,    0.00000e+00,   -1.00000e-02,    0.00000e+00,   -1.00000e-02,    0.00000e+00,   -1.00000e-02,    0.00000e+00,    1.40082e+02,    0.00000e+00,    3.51213e+01,    0.00000e+00,    4.00322e+01,    0.00000e+00,    1.05898e+01,    0.00000e+00,    1.14337e+01,    0.00000e+00,              3,              0,       1 meters
  07/24/2018 15:26:44.994,   -1.00000e-02,    0.00000e+00,   -1.00000e-02,    0.00000e+00,   -1.00000e-02,    0.00000e+00,   -1.00000e-02,    0.00000e+00,   -1.00000e-02,    0.00000e+00,   -1.00000e-02,    0.00000e+00,   -1.00000e-02,    0.00000e+00,    1.40067e+02,    0.00000e+00,    3.51222e+01,    0.00000e+00,    4.00301e+01,    0.00000e+00,    1.05984e+01,    0.00000e+00,    1.14475e+01,    0.00000e+00,              3,              0,       1 meters
  07/24/2018 15:26:45.989,    1.62348e+03,    0.00000e+00,   -1.00000e-02,    0.00000e+00,    1.62348e+03,    0.00000e+00,   -1.00000e-02,    0.00000e+00,   -1.00000e-02,    0.00000e+00,   -1.00000e-02,    0.00000e+00,   -1.00000e-02,    0.00000e+00,    1.40056e+02,    0.00000e+00,    3.51226e+01,    0.00000e+00,    4.00284e+01,    0.00000e+00,    1.05942e+01,    0.00000e+00,    1.14890e+01,    0.00000e+00,              3,              0,       1 meters
  07/24/2018 15:26:46.989,    1.02104e+03,    0.00000e+00,   -1.00000e-02,    0.00000e+00,    1.02104e+03,    0.00000e+00,   -1.00000e-02,    0.00000e+00,   -1.00000e-02,    0.00000e+00,   -1.00000e-02,    0.00000e+00,   -1.00000e-02,    0.00000e+00,    1.40078e+02,    0.00000e+00,    3.51234e+01,    0.00000e+00,    4.00236e+01,    0.00000e+00,    1.05944e+01,    0.00000e+00,    1.14828e+01,    0.00000e+00,              3,              0,       1 meters
  07/24/2018 15:26:47.987,    1.84036e+03,    0.00000e+00,   -1.00000e-02,    0.00000e+00,    1.84036e+03,    0.00000e+00,   -1.00000e-02,    0.00000e+00,   -1.00000e-02,    0.00000e+00,   -1.00000e-02,    0.00000e+00,   -1.00000e-02,    0.00000e+00,    1.40019e+02,    0.00000e+00,    3.51244e+01,    0.00000e+00,    4.00220e+01,    0.00000e+00,    1.05934e+01,    0.00000e+00,    1.14852e+01,    0.00000e+00,              3,              0,       1 meters
  07/24/2018 15:26:48.980,    1.69587e+03,    0.00000e+00,   -1.00000e-02,    0.00000e+00,    1.69587e+03,    0.00000e+00,   -1.00000e-02,    0.00000e+00,   -1.00000e-02,    0.00000e+00,   -1.00000e-02,    0.00000e+00,   -1.00000e-02,    0.00000e+00,    1.40079e+02,    0.00000e+00,    3.51244e+01,    0.00000e+00,    4.00164e+01,    0.00000e+00,    1.05967e+01,    0.00000e+00,    1.14878e+01,    0.00000e+00,              3,              0,       1 meters
  07/24/2018 15:26:49.976,   -1.00000e-02,    0.00000e+00,   -1.00000e-02,    0.00000e+00,   -1.00000e-02,    0.00000e+00,   -1.00000e-02,    0.00000e+00,   -1.00000e-02,    0.00000e+00,   -1.00000e-02,    0.00000e+00,   -1.00000e-02,    0.00000e+00,    1.40072e+02,    0.00000e+00,    3.51252e+01,    0.00000e+00,    4.00113e+01,    0.00000e+00,    1.05949e+01,    0.00000e+00,    1.13944e+01,    0.00000e+00,              3,              0,       1 meters
  07/24/2018 15:26:50.971,   -1.00000e-02,    0.00000e+00,   -1.00000e-02,    0.00000e+00,   -1.00000e-02,    0.00000e+00,   -1.00000e-02,    0.00000e+00,   -1.00000e-02,    0.00000e+00,   -1.00000e-02,    0.00000e+00,   -1.00000e-02,    0.00000e+00,    1.40070e+02,    0.00000e+00,    3.51258e+01,    0.00000e+00,    4.00100e+01,    0.00000e+00,    1.05929e+01,    0.00000e+00,    1.14032e+01,    0.00000e+00,              3,              0,       1 meters
  07/24/2018 15:26:51.968,   -1.00000e-02,    0.00000e+00,   -1.00000e-02,    0.00000e+00,   -1.00000e-02,    0.00000e+00,   -1.00000e-02,    0.00000e+00,   -1.00000e-02,    0.00000e+00,   -1.00000e-02,    0.00000e+00,   -1.00000e-02,    0.00000e+00,    1.40086e+02,    0.00000e+00,    3.51263e+01,    0.00000e+00,    4.00125e+01,    0.00000e+00,    1.05905e+01,    0.00000e+00,    1.14420e+01,    0.00000e+00,              3,              0,       1 meters
  07/24/2018 15:26:52.963,   -1.00000e-02,    0.00000e+00,   -1.00000e-02,    0.00000e+00,   -1.00000e-02,    0.00000e+00,   -1.00000e-02,    0.00000e+00,   -1.00000e-02,    0.00000e+00,   -1.00000e-02,    0.00000e+00,   -1.00000e-02,    0.00000e+00,    1.40019e+02,    0.00000e+00,    3.51274e+01,    0.00000e+00,    4.00222e+01,    0.00000e+00,    1.05921e+01,    0.00000e+00,    1.14426e+01,    0.00000e+00,              3,              0,       1 meters
  07/24/2018 15:26:53.959,   -1.00000e-02,    0.00000e+00,   -1.00000e-02,    0.00000e+00,   -1.00000e-02,    0.00000e+00,   -1.00000e-02,    0.00000e+00,   -1.00000e-02,    0.00000e+00,   -1.00000e-02,    0.00000e+00,   -1.00000e-02,    0.00000e+00,    1.40076e+02,    0.00000e+00,    3.51275e+01,    0.00000e+00,    4.00199e+01,    0.00000e+00,    1.05941e+01,    0.00000e+00,    1.14463e+01,    0.00000e+00,              3,              0,       1 meters
  07/24/2018 15:26:54.954,    2.28437e+03,    0.00000e+00,   -1.00000e-02,    0.00000e+00,    2.28437e+03,    0.00000e+00,   -1.00000e-02,    0.00000e+00,   -1.00000e-02,    0.00000e+00,   -1.00000e-02,    0.00000e+00,   -1.00000e-02,    0.00000e+00,    1.40023e+02,    0.00000e+00,    3.51282e+01,    0.00000e+00,    4.00230e+01,    0.00000e+00,    1.05934e+01,    0.00000e+00,    1.15612e+01,    0.00000e+00,              3,              0,       1 meters
  07/24/2018 15:26:55.949,    2.75871e+03,    0.00000e+00,   -1.00000e-02,    0.00000e+00,    2.75871e+03,    0.00000e+00,   -1.00000e-02,    0.00000e+00,   -1.00000e-02,    0.00000e+00,   -1.00000e-02,    0.00000e+00,   -1.00000e-02,    0.00000e+00,    1.40070e+02,    0.00000e+00,    3.51282e+01,    0.00000e+00,    4.00161e+01,    0.00000e+00,    1.05987e+01,    0.00000e+00,    1.15623e+01,    0.00000e+00,              3,              0,       1 meters
  07/24/2018 15:26:56.945,    2.45348e+03,    0.00000e+00,   -1.00000e-02,    0.00000e+00,    2.45348e+03,    0.00000e+00,   -1.00000e-02,    0.00000e+00,   -1.00000e-02,    0.00000e+00,   -1.00000e-02,    0.00000e+00,   -1.00000e-02,    0.00000e+00,    1.40085e+02,    0.00000e+00,    3.51284e+01,    0.00000e+00,    4.00187e+01,    0.00000e+00,    1.05939e+01,    0.00000e+00,    1.15614e+01,    0.00000e+00,              3,              0,       1 meters
  07/24/2018 15:26:57.938,    2.29878e+03,    0.00000e+00,   -1.00000e-02,    0.00000e+00,    2.29878e+03,    0.00000e+00,   -1.00000e-02,    0.00000e+00,   -1.00000e-02,    0.00000e+00,   -1.00000e-02,    0.00000e+00,   -1.00000e-02,    0.00000e+00,    1.40051e+02,    0.00000e+00,    3.51289e+01,    0.00000e+00,    4.00235e+01,    0.00000e+00,    1.05946e+01,    0.00000e+00,    1.15437e+01,    0.00000e+00,              3,              0,       1 meters
  07/24/2018 15:26:58.935,    2.14950e+03,    0.00000e+00,   -1.00000e-02,    0.00000e+00,    2.14950e+03,    0.00000e+00,   -1.00000e-02,    0.00000e+00,   -1.00000e-02,    0.00000e+00,   -1.00000e-02,    0.00000e+00,   -1.00000e-02,    0.00000e+00,    1.40090e+02,    0.00000e+00,    3.51291e+01,    0.00000e+00,    4.00253e+01,    0.00000e+00,    1.05963e+01,    0.00000e+00,    1.15384e+01,    0.00000e+00,              3,              0,       1 meters
  07/24/2018 15:26:59.931,    2.54953e+03,    0.00000e+00,   -1.00000e-02,    0.00000e+00,    2.54953e+03,    0.00000e+00,   -1.00000e-02,    0.00000e+00,   -1.00000e-02,    0.00000e+00,   -1.00000e-02,    0.00000e+00,   -1.00000e-02,    0.00000e+00,    1.40021e+02,    0.00000e+00,    3.51298e+01,    0.00000e+00,    4.00345e+01,    0.00000e+00,    1.05952e+01,    0.00000e+00,    1.15613e+01,    0.00000e+00,              3,              0,       1 meters
  07/24/2018 15:27:00.926,    3.03526e+03,    0.00000e+00,   -1.00000e-02,    0.00000e+00,    3.03526e+03,    0.00000e+00,   -1.00000e-02,    0.00000e+00,   -1.00000e-02,    0.00000e+00,   -1.00000e-02,    0.00000e+00,   -1.00000e-02,    0.00000e+00,    1.40069e+02,    0.00000e+00,    3.51300e+01,    0.00000e+00,    4.00344e+01,    0.00000e+00,    1.05935e+01,    0.00000e+00,    1.15638e+01,    0.00000e+00,              3,              0,       1 meters
  07/24/2018 15:27:01.921,    2.46441e+03,    0.00000e+00,   -1.00000e-02,    0.00000e+00,    2.46441e+03,    0.00000e+00,   -1.00000e-02,    0.00000e+00,   -1.00000e-02,    0.00000e+00,   -1.00000e-02,    0.00000e+00,   -1.00000e-02,    0.00000e+00,    1.40055e+02,    0.00000e+00,    3.51301e+01,    0.00000e+00,    4.00316e+01,    0.00000e+00,    1.05922e+01,    0.00000e+00,    1.15570e+01,    0.00000e+00,              3,              0,       1 meters
  07/24/2018 15:27:02.917,    2.54453e+03,    0.00000e+00,   -1.00000e-02,    0.00000e+00,    2.54453e+03,    0.00000e+00,   -1.00000e-02,    0.00000e+00,   -1.00000e-02,    0.00000e+00,   -1.00000e-02,    0.00000e+00,   -1.00000e-02,    0.00000e+00,    1.40062e+02,    0.00000e+00,    3.51303e+01,    0.00000e+00,    4.00284e+01,    0.00000e+00,    1.05942e+01,    0.00000e+00,    1.15736e+01,    0.00000e+00,              3,              0,       1 meters
  07/24/2018 15:27:03.912,    2.38143e+03,    0.00000e+00,   -1.00000e-02,    0.00000e+00,    2.38143e+03,    0.00000e+00,   -1.00000e-02,    0.00000e+00,   -1.00000e-02,    0.00000e+00,   -1.00000e-02,    0.00000e+00,   -1.00000e-02,    0.00000e+00,    1.40093e+02,    0.00000e+00,    3.51306e+01,    0.00000e+00,    4.00317e+01,    0.00000e+00,    1.05939e+01,    0.00000e+00,    1.15703e+01,    0.00000e+00,              3,              0,       1 meters
  07/24/2018 15:27:04.908,    2.57147e+03,    0.00000e+00,   -1.00000e-02,    0.00000e+00,    2.57147e+03,    0.00000e+00,   -1.00000e-02,    0.00000e+00,   -1.00000e-02,    0.00000e+00,   -1.00000e-02,    0.00000e+00,   -1.00000e-02,    0.00000e+00,    1.40023e+02,    0.00000e+00,    3.51313e+01,    0.00000e+00,    4.00370e+01,    0.00000e+00,    1.05973e+01,    0.00000e+00,    1.15538e+01,    0.00000e+00,              3,              0,       1 meters
  07/24/2018 15:27:05.906,    2.56243e+03,    0.00000e+00,   -1.00000e-02,    0.00000e+00,    2.56243e+03,    0.00000e+00,   -1.00000e-02,    0.00000e+00,   -1.00000e-02,    0.00000e+00,   -1.00000e-02,    0.00000e+00,   -1.00000e-02,    0.00000e+00,    1.40074e+02,    0.00000e+00,    3.51312e+01,    0.00000e+00,    4.00342e+01,    0.00000e+00,    1.05942e+01,    0.00000e+00,    1.15618e+01,    0.00000e+00,              3,              0,       1 meters
  07/24/2018 15:27:06.904,    2.38757e+03,    0.00000e+00,   -1.00000e-02,    0.00000e+00,    2.38757e+03,    0.00000e+00,   -1.00000e-02,    0.00000e+00,   -1.00000e-02,    0.00000e+00,   -1.00000e-02,    0.00000e+00,   -1.00000e-02,    0.00000e+00,    1.40028e+02,    0.00000e+00,    3.51319e+01,    0.00000e+00,    4.00420e+01,    0.00000e+00,    1.05936e+01,    0.00000e+00,    1.15368e+01,    0.00000e+00,              3,              0,       1 meters
  07/24/2018 15:27:07.900,    2.15478e+03,    0.00000e+00,   -1.00000e-02,    0.00000e+00,    2.15478e+03,    0.00000e+00,   -1.00000e-02,    0.00000e+00,   -1.00000e-02,    0.00000e+00,   -1.00000e-02,    0.00000e+00,   -1.00000e-02,    0.00000e+00,    1.40080e+02,    0.00000e+00,    3.51314e+01,    0.00000e+00,    4.00380e+01,    0.00000e+00,    1.05952e+01,    0.00000e+00,    1.15397e+01,    0.00000e+00,              3,              0,       1 meters
  07/24/2018 15:27:08.895,    2.31538e+03,    0.00000e+00,   -1.00000e-02,    0.00000e+00,    2.31538e+03,    0.00000e+00,   -1.00000e-02,    0.00000e+00,   -1.00000e-02,    0.00000e+00,   -1.00000e-02,    0.00000e+00,   -1.00000e-02,    0.00000e+00,    1.40083e+02,    0.00000e+00,    3.51318e+01,    0.00000e+00,    4.00323e+01,    0.00000e+00,    1.05929e+01,    0.00000e+00,    1.15589e+01,    0.00000e+00,              3,              0,       1 meters
  07/24/2018 15:27:09.888,    2.20097e+03,    0.00000e+00,   -1.00000e-02,    0.00000e+00,    2.20097e+03,    0.00000e+00,   -1.00000e-02,    0.00000e+00,   -1.00000e-02,    0.00000e+00,   -1.00000e-02,    0.00000e+00,   -1.00000e-02,    0.00000e+00,    1.40053e+02,    0.00000e+00,    3.51322e+01,    0.00000e+00,    4.00297e+01,    0.00000e+00,    1.05938e+01,    0.00000e+00,    1.15448e+01,    0.00000e+00,              3,              0,       1 meters
  07/24/2018 15:27:10.885,    2.38120e+03,    0.00000e+00,   -1.00000e-02,    0.00000e+00,    2.38120e+03,    0.00000e+00,   -1.00000e-02,    0.00000e+00,   -1.00000e-02,    0.00000e+00,   -1.00000e-02,    0.00000e+00,   -1.00000e-02,    0.00000e+00,    1.40087e+02,    0.00000e+00,    3.51321e+01,    0.00000e+00,    4.00237e+01,    0.00000e+00,    1.05950e+01,    0.00000e+00,    1.15399e+01,    0.00000e+00,              3,              0,       1 meters
  07/24/2018 15:27:11.879,    2.23150e+03,    0.00000e+00,   -1.00000e-02,    0.00000e+00,    2.23150e+03,    0.00000e+00,   -1.00000e-02,    0.00000e+00,   -1.00000e-02,    0.00000e+00,   -1.00000e-02,    0.00000e+00,   -1.00000e-02,    0.00000e+00,    1.40018e+02,    0.00000e+00,    3.51329e+01,    0.00000e+00,    4.00279e+01,    0.00000e+00,    1.05912e+01,    0.00000e+00,    1.15348e+01,    0.00000e+00,              3,              0,       1 meters
  07/24/2018 15:27:12.874,    2.33306e+03,    0.00000e+00,   -1.00000e-02,    0.00000e+00,    2.33306e+03,    0.00000e+00,   -1.00000e-02,    0.00000e+00,   -1.00000e-02,    0.00000e+00,   -1.00000e-02,    0.00000e+00,   -1.00000e-02,    0.00000e+00,    1.40069e+02,    0.00000e+00,    3.51327e+01,    0.00000e+00,    4.00219e+01,    0.00000e+00,    1.05954e+01,    0.00000e+00,    1.15512e+01,    0.00000e+00,              3,              0,       1 meters
  07/24/2018 15:27:13.870,    1.97958e+03,    0.00000e+00,   -1.00000e-02,    0.00000e+00,    1.97958e+03,    0.00000e+00,   -1.00000e-02,    0.00000e+00,   -1.00000e-02,    0.00000e+00,   -1.00000e-02,    0.00000e+00,   -1.00000e-02,    0.00000e+00,    1.40023e+02,    0.00000e+00,    3.51331e+01,    0.00000e+00,    4.00234e+01,    0.00000e+00,    1.05933e+01,    0.00000e+00,    1.15193e+01,    0.00000e+00,              3,              0,       1 meters
  07/24/2018 15:27:14.865,    2.01654e+03,    0.00000e+00,   -1.00000e-02,    0.00000e+00,    2.01654e+03,    0.00000e+00,   -1.00000e-02,    0.00000e+00,   -1.00000e-02,    0.00000e+00,   -1.00000e-02,    0.00000e+00,   -1.00000e-02,    0.00000e+00,    1.40061e+02,    0.00000e+00,    3.51332e+01,    0.00000e+00,    4.00195e+01,    0.00000e+00,    1.05915e+01,    0.00000e+00,    1.15246e+01,    0.00000e+00,              3,              0,       1 meters
  07/24/2018 15:27:15.860,    1.87450e+03,    0.00000e+00,   -1.00000e-02,    0.00000e+00,    1.87450e+03,    0.00000e+00,   -1.00000e-02,    0.00000e+00,   -1.00000e-02,    0.00000e+00,   -1.00000e-02,    0.00000e+00,   -1.00000e-02,    0.00000e+00,    1.40089e+02,    0.00000e+00,    3.51333e+01,    0.00000e+00,    4.00180e+01,    0.00000e+00,    1.05943e+01,    0.00000e+00,    1.15394e+01,    0.00000e+00,              3,              0,       1 meters
  07/24/2018 15:27:16.856,    1.80290e+03,    0.00000e+00,   -1.00000e-02,    0.00000e+00,    1.80290e+03,    0.00000e+00,   -1.00000e-02,    0.00000e+00,   -1.00000e-02,    0.00000e+00,   -1.00000e-02,    0.00000e+00,   -1.00000e-02,    0.00000e+00,    1.40019e+02,    0.00000e+00,    3.51340e+01,    0.00000e+00,    4.00203e+01,    0.00000e+00,    1.05947e+01,    0.00000e+00,    1.15159e+01,    0.00000e+00,              3,              0,       1 meters
  07/24/2018 15:27:17.851,    2.02296e+03,    0.00000e+00,   -1.00000e-02,    0.00000e+00,    2.02296e+03,    0.00000e+00,   -1.00000e-02,    0.00000e+00,   -1.00000e-02,    0.00000e+00,   -1.00000e-02,    0.00000e+00,   -1.00000e-02,    0.00000e+00,    1.40094e+02,    0.00000e+00,    3.51337e+01,    0.00000e+00,    4.00180e+01,    0.00000e+00,    1.05914e+01,    0.00000e+00,    1.15295e+01,    0.00000e+00,              3,              0,       1 meters
  07/24/2018 15:27:18.846,    2.26801e+03,    0.00000e+00,   -1.00000e-02,    0.00000e+00,    2.26801e+03,    0.00000e+00,   -1.00000e-02,    0.00000e+00,   -1.00000e-02,    0.00000e+00,   -1.00000e-02,    0.00000e+00,   -1.00000e-02,    0.00000e+00,    1.40025e+02,    0.00000e+00,    3.51342e+01,    0.00000e+00,    4.00265e+01,    0.00000e+00,    1.05953e+01,    0.00000e+00,    1.15188e+01,    0.00000e+00,              3,              0,       1 meters
  07/24/2018 15:27:19.842,    2.29856e+03,    0.00000e+00,   -1.00000e-02,    0.00000e+00,    2.29856e+03,    0.00000e+00,   -1.00000e-02,    0.00000e+00,   -1.00000e-02,    0.00000e+00,   -1.00000e-02,    0.00000e+00,   -1.00000e-02,    0.00000e+00,    1.40059e+02,    0.00000e+00,    3.51344e+01,    0.00000e+00,    4.00212e+01,    0.00000e+00,    1.05911e+01,    0.00000e+00,    1.15202e+01,    0.00000e+00,              3,              0,       1 meters
  07/24/2018 15:27:20.839,    1.65471e+03,    0.00000e+00,   -1.00000e-02,    0.00000e+00,    1.65471e+03,    0.00000e+00,   -1.00000e-02,    0.00000e+00,   -1.00000e-02,    0.00000e+00,   -1.00000e-02,    0.00000e+00,   -1.00000e-02,    0.00000e+00,    1.40092e+02,    0.00000e+00,    3.51346e+01,    0.00000e+00,    4.00266e+01,    0.00000e+00,    1.05910e+01,    0.00000e+00,    1.15150e+01,    0.00000e+00,              3,              0,       1 meters
  07/24/2018 15:27:21.832,    2.06804e+03,    0.00000e+00,   -1.00000e-02,    0.00000e+00,    2.06804e+03,    0.00000e+00,   -1.00000e-02,    0.00000e+00,   -1.00000e-02,    0.00000e+00,   -1.00000e-02,    0.00000e+00,   -1.00000e-02,    0.00000e+00,    1.40050e+02,    0.00000e+00,    3.51348e+01,    0.00000e+00,    4.00277e+01,    0.00000e+00,    1.05914e+01,    0.00000e+00,    1.15252e+01,    0.00000e+00,              3,              0,       1 meters
  07/24/2018 15:27:22.828,    1.74656e+03,    0.00000e+00,   -1.00000e-02,    0.00000e+00,    1.74656e+03,    0.00000e+00,   -1.00000e-02,    0.00000e+00,   -1.00000e-02,    0.00000e+00,   -1.00000e-02,    0.00000e+00,   -1.00000e-02,    0.00000e+00,    1.40095e+02,    0.00000e+00,    3.51349e+01,    0.00000e+00,    4.00236e+01,    0.00000e+00,    1.05921e+01,    0.00000e+00,    1.15465e+01,    0.00000e+00,              3,              0,       1 meters
  07/24/2018 15:27:23.825,    1.74623e+03,    0.00000e+00,   -1.00000e-02,    0.00000e+00,    1.74623e+03,    0.00000e+00,   -1.00000e-02,    0.00000e+00,   -1.00000e-02,    0.00000e+00,   -1.00000e-02,    0.00000e+00,   -1.00000e-02,    0.00000e+00,    1.40026e+02,    0.00000e+00,    3.51356e+01,    0.00000e+00,    4.00269e+01,    0.00000e+00,    1.05904e+01,    0.00000e+00,    1.15291e+01,    0.00000e+00,              3,              0,       1 meters
  07/24/2018 15:27:24.820,    2.31217e+03,    0.00000e+00,   -1.00000e-02,    0.00000e+00,    2.31217e+03,    0.00000e+00,   -1.00000e-02,    0.00000e+00,   -1.00000e-02,    0.00000e+00,   -1.00000e-02,    0.00000e+00,   -1.00000e-02,    0.00000e+00,    1.40067e+02,    0.00000e+00,    3.51354e+01,    0.00000e+00,    4.00264e+01,    0.00000e+00,    1.05923e+01,    0.00000e+00,    1.15417e+01,    0.00000e+00,              3,              0,       1 meters
  07/24/2018 15:27:25.813,    1.97907e+03,    0.00000e+00,   -1.00000e-02,    0.00000e+00,    1.97907e+03,    0.00000e+00,   -1.00000e-02,    0.00000e+00,   -1.00000e-02,    0.00000e+00,   -1.00000e-02,    0.00000e+00,   -1.00000e-02,    0.00000e+00,    1.40037e+02,    0.00000e+00,    3.51359e+01,    0.00000e+00,    4.00290e+01,    0.00000e+00,    1.05921e+01,    0.00000e+00,    1.15453e+01,    0.00000e+00,              3,              0,       1 meters
  07/24/2018 15:27:26.810,    2.78701e+03,    0.00000e+00,   -1.00000e-02,    0.00000e+00,    2.78701e+03,    0.00000e+00,   -1.00000e-02,    0.00000e+00,   -1.00000e-02,    0.00000e+00,   -1.00000e-02,    0.00000e+00,   -1.00000e-02,    0.00000e+00,    1.40047e+02,    0.00000e+00,    3.51357e+01,    0.00000e+00,    4.00257e+01,    0.00000e+00,    1.05912e+01,    0.00000e+00,    1.15632e+01,    0.00000e+00,              3,              0,       1 meters
  07/24/2018 15:27:27.803,    2.42614e+03,    0.00000e+00,   -1.00000e-02,    0.00000e+00,    2.42614e+03,    0.00000e+00,   -1.00000e-02,    0.00000e+00,   -1.00000e-02,    0.00000e+00,   -1.00000e-02,    0.00000e+00,   -1.00000e-02,    0.00000e+00,    1.40095e+02,    0.00000e+00,    3.51359e+01,    0.00000e+00,    4.00226e+01,    0.00000e+00,    1.05921e+01,    0.00000e+00,    1.15539e+01,    0.00000e+00,              3,              0,       1 meters
  07/24/2018 15:27:28.798,    2.37416e+03,    0.00000e+00,   -1.00000e-02,    0.00000e+00,    2.37416e+03,    0.00000e+00,   -1.00000e-02,    0.00000e+00,   -1.00000e-02,    0.00000e+00,   -1.00000e-02,    0.00000e+00,   -1.00000e-02,    0.00000e+00,    1.40042e+02,    0.00000e+00,    3.51365e+01,    0.00000e+00,    4.00246e+01,    0.00000e+00,    1.05923e+01,    0.00000e+00,    1.15452e+01,    0.00000e+00,              3,              0,       1 meters
  07/24/2018 15:27:29.796,    2.17006e+03,    0.00000e+00,   -1.00000e-02,    0.00000e+00,    2.17006e+03,    0.00000e+00,   -1.00000e-02,    0.00000e+00,   -1.00000e-02,    0.00000e+00,   -1.00000e-02,    0.00000e+00,   -1.00000e-02,    0.00000e+00,    1.40093e+02,    0.00000e+00,    3.51364e+01,    0.00000e+00,    4.00234e+01,    0.00000e+00,    1.05926e+01,    0.00000e+00,    1.15636e+01,    0.00000e+00,              3,              0,       1 meters
  07/24/2018 15:27:30.791,    2.11630e+03,    0.00000e+00,   -1.00000e-02,    0.00000e+00,    2.11630e+03,    0.00000e+00,   -1.00000e-02,    0.00000e+00,   -1.00000e-02,    0.00000e+00,   -1.00000e-02,    0.00000e+00,   -1.00000e-02,    0.00000e+00,    1.40038e+02,    0.00000e+00,    3.51371e+01,    0.00000e+00,    4.00240e+01,    0.00000e+00,    1.05915e+01,    0.00000e+00,    1.15520e+01,    0.00000e+00,              3,              0,       1 meters
  07/24/2018 15:27:31.786,    2.19017e+03,    0.00000e+00,   -1.00000e-02,    0.00000e+00,    2.19017e+03,    0.00000e+00,   -1.00000e-02,    0.00000e+00,   -1.00000e-02,    0.00000e+00,   -1.00000e-02,    0.00000e+00,   -1.00000e-02,    0.00000e+00,    1.40042e+02,    0.00000e+00,    3.51373e+01,    0.00000e+00,    4.00233e+01,    0.00000e+00,    1.05922e+01,    0.00000e+00,    1.15382e+01,    0.00000e+00,              3,              0,       1 meters
  07/24/2018 15:27:32.781,    2.03875e+03,    0.00000e+00,   -1.00000e-02,    0.00000e+00,    2.03875e+03,    0.00000e+00,   -1.00000e-02,    0.00000e+00,   -1.00000e-02,    0.00000e+00,   -1.00000e-02,    0.00000e+00,   -1.00000e-02,    0.00000e+00,    1.40070e+02,    0.00000e+00,    3.51372e+01,    0.00000e+00,    4.00220e+01,    0.00000e+00,    1.05946e+01,    0.00000e+00,    1.15429e+01,    0.00000e+00,              3,              0,       1 meters
  07/24/2018 15:27:33.776,    2.15873e+03,    0.00000e+00,   -1.00000e-02,    0.00000e+00,    2.15873e+03,    0.00000e+00,   -1.00000e-02,    0.00000e+00,   -1.00000e-02,    0.00000e+00,   -1.00000e-02,    0.00000e+00,   -1.00000e-02,    0.00000e+00,    1.40035e+02,    0.00000e+00,    3.51379e+01,    0.00000e+00,    4.00203e+01,    0.00000e+00,    1.05875e+01,    0.00000e+00,    1.15250e+01,    0.00000e+00,              3,              0,       1 meters
  07/24/2018 15:27:34.773,    1.58476e+03,    0.00000e+00,   -1.00000e-02,    0.00000e+00,    1.58476e+03,    0.00000e+00,   -1.00000e-02,    0.00000e+00,   -1.00000e-02,    0.00000e+00,   -1.00000e-02,    0.00000e+00,   -1.00000e-02,    0.00000e+00,    1.40093e+02,    0.00000e+00,    3.51379e+01,    0.00000e+00,    4.00137e+01,    0.00000e+00,    1.05899e+01,    0.00000e+00,    1.15177e+01,    0.00000e+00,              3,              0,       1 meters
  07/24/2018 15:27:35.770,    2.02998e+03,    0.00000e+00,   -1.00000e-02,    0.00000e+00,    2.02998e+03,    0.00000e+00,   -1.00000e-02,    0.00000e+00,   -1.00000e-02,    0.00000e+00,   -1.00000e-02,    0.00000e+00,   -1.00000e-02,    0.00000e+00,    1.40042e+02,    0.00000e+00,    3.51383e+01,    0.00000e+00,    4.00152e+01,    0.00000e+00,    1.05942e+01,    0.00000e+00,    1.15022e+01,    0.00000e+00,              3,              0,       1 meters
  07/24/2018 15:27:36.765,    1.51119e+03,    0.00000e+00,   -1.00000e-02,    0.00000e+00,    1.51119e+03,    0.00000e+00,   -1.00000e-02,    0.00000e+00,   -1.00000e-02,    0.00000e+00,   -1.00000e-02,    0.00000e+00,   -1.00000e-02,    0.00000e+00,    1.40088e+02,    0.00000e+00,    3.51384e+01,    0.00000e+00,    4.00130e+01,    0.00000e+00,    1.05911e+01,    0.00000e+00,    1.15010e+01,    0.00000e+00,              3,              0,       1 meters
  07/24/2018 15:27:37.760,    1.47001e+03,    0.00000e+00,   -1.00000e-02,    0.00000e+00,    1.47001e+03,    0.00000e+00,   -1.00000e-02,    0.00000e+00,   -1.00000e-02,    0.00000e+00,   -1.00000e-02,    0.00000e+00,   -1.00000e-02,    0.00000e+00,    1.40055e+02,    0.00000e+00,    3.51390e+01,    0.00000e+00,    4.00157e+01,    0.00000e+00,    1.05898e+01,    0.00000e+00,    1.14899e+01,    0.00000e+00,              3,              0,       1 meters
  07/24/2018 15:27:38.755,    1.35796e+03,    0.00000e+00,   -1.00000e-02,    0.00000e+00,    1.35796e+03,    0.00000e+00,   -1.00000e-02,    0.00000e+00,   -1.00000e-02,    0.00000e+00,   -1.00000e-02,    0.00000e+00,   -1.00000e-02,    0.00000e+00,    1.40031e+02,    0.00000e+00,    3.51392e+01,    0.00000e+00,    4.00121e+01,    0.00000e+00,    1.05908e+01,    0.00000e+00,    1.14775e+01,    0.00000e+00,              3,              0,       1 meters
  07/24/2018 15:27:39.751,   -1.00000e-02,    0.00000e+00,   -1.00000e-02,    0.00000e+00,    2.45865e+02,    0.00000e+00,   -1.00000e-02,    0.00000e+00,   -1.00000e-02,    0.00000e+00,   -1.00000e-02,    0.00000e+00,   -1.00000e-02,    0.00000e+00,    1.40091e+02,    0.00000e+00,    3.51393e+01,    0.00000e+00,    4.00086e+01,    0.00000e+00,    1.05897e+01,    0.00000e+00,    1.14737e+01,    0.00000e+00,              3,              0,       1 meters
  07/24/2018 15:27:40.746,   -1.00000e-02,    0.00000e+00,   -1.00000e-02,    0.00000e+00,   -1.00000e-02,    0.00000e+00,   -1.00000e-02,    0.00000e+00,   -1.00000e-02,    0.00000e+00,   -1.00000e-02,    0.00000e+00,   -1.00000e-02,    0.00000e+00,    1.40022e+02,    0.00000e+00,    3.51398e+01,    0.00000e+00,    4.00088e+01,    0.00000e+00,    1.05893e+01,    0.00000e+00,    1.14597e+01,    0.00000e+00,              3,              0,       1 meters
  07/24/2018 15:27:41.741,    9.42214e+02,    0.00000e+00,   -1.00000e-02,    0.00000e+00,    9.42214e+02,    0.00000e+00,   -1.00000e-02,    0.00000e+00,   -1.00000e-02,    0.00000e+00,   -1.00000e-02,    0.00000e+00,   -1.00000e-02,    0.00000e+00,    1.40085e+02,    0.00000e+00,    3.51396e+01,    0.00000e+00,    4.00011e+01,    0.00000e+00,    1.05909e+01,    0.00000e+00,    1.14662e+01,    0.00000e+00,              3,              0,       1 meters
  07/24/2018 15:27:42.737,   -1.00000e-02,    0.00000e+00,   -1.00000e-02,    0.00000e+00,   -1.00000e-02,    0.00000e+00,   -1.00000e-02,    0.00000e+00,   -1.00000e-02,    0.00000e+00,   -1.00000e-02,    0.00000e+00,   -1.00000e-02,    0.00000e+00,    1.40059e+02,    0.00000e+00,    3.51401e+01,    0.00000e+00,    3.99991e+01,    0.00000e+00,    1.05884e+01,    0.00000e+00,    1.14244e+01,    0.00000e+00,              3,              0,       1 meters
  07/24/2018 15:27:43.732,   -1.00000e-02,    0.00000e+00,   -1.00000e-02,    0.00000e+00,   -1.00000e-02,    0.00000e+00,   -1.00000e-02,    0.00000e+00,   -1.00000e-02,    0.00000e+00,   -1.00000e-02,    0.00000e+00,   -1.00000e-02,    0.00000e+00,    1.40055e+02,    0.00000e+00,    3.51404e+01,    0.00000e+00,    3.99969e+01,    0.00000e+00,    1.05878e+01,    0.00000e+00,    1.14189e+01,    0.00000e+00,              3,              0,       1 meters
  07/24/2018 15:27:44.727,   -1.00000e-02,    0.00000e+00,   -1.00000e-02,    0.00000e+00,   -1.00000e-02,    0.00000e+00,   -1.00000e-02,    0.00000e+00,   -1.00000e-02,    0.00000e+00,   -1.00000e-02,    0.00000e+00,   -1.00000e-02,    0.00000e+00,    1.40074e+02,    0.00000e+00,    3.51407e+01,    0.00000e+00,    3.99951e+01,    0.00000e+00,    1.05866e+01,    0.00000e+00,    1.13922e+01,    0.00000e+00,              3,              0,       1 meters
  07/24/2018 15:27:45.723,   -1.00000e-02,    0.00000e+00,   -1.00000e-02,    0.00000e+00,   -1.00000e-02,    0.00000e+00,   -1.00000e-02,    0.00000e+00,   -1.00000e-02,    0.00000e+00,   -1.00000e-02,    0.00000e+00,   -1.00000e-02,    0.00000e+00,    1.40020e+02,    0.00000e+00,    3.51416e+01,    0.00000e+00,    3.99991e+01,    0.00000e+00,    1.05827e+01,    0.00000e+00,    1.13323e+01,    0.00000e+00,              3,              0,       1 meters
  07/24/2018 15:27:46.718,   -1.00000e-02,    0.00000e+00,   -1.00000e-02,    0.00000e+00,   -1.00000e-02,    0.00000e+00,   -1.00000e-02,    0.00000e+00,   -1.00000e-02,    0.00000e+00,   -1.00000e-02,    0.00000e+00,   -1.00000e-02,    0.00000e+00,    1.40081e+02,    0.00000e+00,    3.51411e+01,    0.00000e+00,    3.99991e+01,    0.00000e+00,    1.05784e+01,    0.00000e+00,    1.13516e+01,    0.00000e+00,              3,              0,       1 meters
  07/24/2018 15:27:47.713,   -1.00000e-02,    0.00000e+00,   -1.00000e-02,    0.00000e+00,   -1.00000e-02,    0.00000e+00,   -1.00000e-02,    0.00000e+00,   -1.00000e-02,    0.00000e+00,   -1.00000e-02,    0.00000e+00,   -1.00000e-02,    0.00000e+00,    1.40045e+02,    0.00000e+00,    3.51418e+01,    0.00000e+00,    4.00026e+01,    0.00000e+00,    1.05836e+01,    0.00000e+00,    1.13078e+01,    0.00000e+00,              3,              0,       1 meters
  07/24/2018 15:27:48.708,   -1.00000e-02,    0.00000e+00,   -1.00000e-02,    0.00000e+00,   -1.00000e-02,    0.00000e+00,   -1.00000e-02,    0.00000e+00,   -1.00000e-02,    0.00000e+00,   -1.00000e-02,    0.00000e+00,   -1.00000e-02,    0.00000e+00,    1.40073e+02,    0.00000e+00,    3.51419e+01,    0.00000e+00,    4.00012e+01,    0.00000e+00,    1.05776e+01,    0.00000e+00,    1.13466e+01,    0.00000e+00,              3,              0,       1 meters
  07/24/2018 15:27:49.704,   -1.00000e-02,    0.00000e+00,   -1.00000e-02,    0.00000e+00,   -1.00000e-02,    0.00000e+00,   -1.00000e-02,    0.00000e+00,   -1.00000e-02,    0.00000e+00,   -1.00000e-02,    0.00000e+00,   -1.00000e-02,    0.00000e+00,    1.40081e+02,    0.00000e+00,    3.51422e+01,    0.00000e+00,    4.00016e+01,    0.00000e+00,    1.05834e+01,    0.00000e+00,    1.13690e+01,    0.00000e+00,              3,              0,       1 meters
  07/24/2018 15:27:50.701,   -1.00000e-02,    0.00000e+00,   -1.00000e-02,    0.00000e+00,   -1.00000e-02,    0.00000e+00,   -1.00000e-02,    0.00000e+00,   -1.00000e-02,    0.00000e+00,   -1.00000e-02,    0.00000e+00,   -1.00000e-02,    0.00000e+00,    1.40019e+02,    0.00000e+00,    3.51430e+01,    0.00000e+00,    4.00022e+01,    0.00000e+00,    1.05865e+01,    0.00000e+00,    1.13445e+01,    0.00000e+00,              3,              0,       1 meters
  07/24/2018 15:27:51.694,   -1.00000e-02,    0.00000e+00,   -1.00000e-02,    0.00000e+00,   -1.00000e-02,    0.00000e+00,   -1.00000e-02,    0.00000e+00,   -1.00000e-02,    0.00000e+00,   -1.00000e-02,    0.00000e+00,   -1.00000e-02,    0.00000e+00,    1.40070e+02,    0.00000e+00,    3.51426e+01,    0.00000e+00,    3.99971e+01,    0.00000e+00,    1.05815e+01,    0.00000e+00,    1.12809e+01,    0.00000e+00,              3,              0,       1 meters
  07/24/2018 15:27:52.690,   -1.00000e-02,    0.00000e+00,   -1.00000e-02,    0.00000e+00,   -1.00000e-02,    0.00000e+00,   -1.00000e-02,    0.00000e+00,   -1.00000e-02,    0.00000e+00,   -1.00000e-02,    0.00000e+00,   -1.00000e-02,    0.00000e+00,    1.40019e+02,    0.00000e+00,    3.51431e+01,    0.00000e+00,    4.00013e+01,    0.00000e+00,    1.05826e+01,    0.00000e+00,    1.13013e+01,    0.00000e+00,              3,              0,       1 meters
  07/24/2018 15:27:53.685,   -1.00000e-02,    0.00000e+00,   -1.00000e-02,    0.00000e+00,   -1.00000e-02,    0.00000e+00,   -1.00000e-02,    0.00000e+00,   -1.00000e-02,    0.00000e+00,   -1.00000e-02,    0.00000e+00,   -1.00000e-02,    0.00000e+00,    1.40071e+02,    0.00000e+00,    3.51432e+01,    0.00000e+00,    4.00003e+01,    0.00000e+00,    1.05638e+01,    0.00000e+00,    1.13194e+01,    0.00000e+00,              3,              0,       1 meters
  07/24/2018 15:27:54.681,   -1.00000e-02,    0.00000e+00,   -1.00000e-02,    0.00000e+00,   -1.00000e-02,    0.00000e+00,   -1.00000e-02,    0.00000e+00,   -1.00000e-02,    0.00000e+00,   -1.00000e-02,    0.00000e+00,   -1.00000e-02,    0.00000e+00,    1.40083e+02,    0.00000e+00,    3.51433e+01,    0.00000e+00,    4.00027e+01,    0.00000e+00,    1.05776e+01,    0.00000e+00,    1.13515e+01,    0.00000e+00,              3,              0,       1 meters
  07/24/2018 15:27:55.676,   -1.00000e-02,    0.00000e+00,   -1.00000e-02,    0.00000e+00,   -1.00000e-02,    0.00000e+00,   -1.00000e-02,    0.00000e+00,   -1.00000e-02,    0.00000e+00,   -1.00000e-02,    0.00000e+00,   -1.00000e-02,    0.00000e+00,    1.40063e+02,    0.00000e+00,    3.51435e+01,    0.00000e+00,    4.00079e+01,    0.00000e+00,    1.05776e+01,    0.00000e+00,    1.12951e+01,    0.00000e+00,              3,              0,       1 meters
  07/24/2018 15:27:56.672,   -1.00000e-02,    0.00000e+00,   -1.00000e-02,    0.00000e+00,   -1.00000e-02,    0.00000e+00,   -1.00000e-02,    0.00000e+00,   -1.00000e-02,    0.00000e+00,   -1.00000e-02,    0.00000e+00,   -1.00000e-02,    0.00000e+00,    1.40088e+02,    0.00000e+00,    3.51439e+01,    0.00000e+00,    4.00057e+01,    0.00000e+00,    1.05797e+01,    0.00000e+00,    1.13016e+01,    0.00000e+00,              3,              0,       1 meters
  07/24/2018 15:27:57.667,   -1.00000e-02,    0.00000e+00,   -1.00000e-02,    0.00000e+00,   -1.00000e-02,    0.00000e+00,   -1.00000e-02,    0.00000e+00,   -1.00000e-02,    0.00000e+00,   -1.00000e-02,    0.00000e+00,   -1.00000e-02,    0.00000e+00,    1.40019e+02,    0.00000e+00,    3.51447e+01,    0.00000e+00,    4.00063e+01,    0.00000e+00,    1.05741e+01,    0.00000e+00,    1.13250e+01,    0.00000e+00,              3,              0,       1 meters
  07/24/2018 15:27:58.662,   -1.00000e-02,    0.00000e+00,   -1.00000e-02,    0.00000e+00,   -1.00000e-02,    0.00000e+00,   -1.00000e-02,    0.00000e+00,   -1.00000e-02,    0.00000e+00,   -1.00000e-02,    0.00000e+00,   -1.00000e-02,    0.00000e+00,    1.40069e+02,    0.00000e+00,    3.51447e+01,    0.00000e+00,    4.00031e+01,    0.00000e+00,    1.05800e+01,    0.00000e+00,    1.13448e+01,    0.00000e+00,              3,              0,       1 meters
  07/24/2018 15:27:59.657,   -1.00000e-02,    0.00000e+00,   -1.00000e-02,    0.00000e+00,   -1.00000e-02,    0.00000e+00,   -1.00000e-02,    0.00000e+00,   -1.00000e-02,    0.00000e+00,   -1.00000e-02,    0.00000e+00,   -1.00000e-02,    0.00000e+00,    1.40022e+02,    0.00000e+00,    3.51451e+01,    0.00000e+00,    4.00082e+01,    0.00000e+00,    1.05628e+01,    0.00000e+00,    1.13058e+01,    0.00000e+00,              3,              0,       1 meters
  07/24/2018 15:28:00.653,   -1.00000e-02,    0.00000e+00,   -1.00000e-02,    0.00000e+00,   -1.00000e-02,    0.00000e+00,   -1.00000e-02,    0.00000e+00,   -1.00000e-02,    0.00000e+00,   -1.00000e-02,    0.00000e+00,   -1.00000e-02,    0.00000e+00,    1.40058e+02,    0.00000e+00,    3.51451e+01,    0.00000e+00,    4.00066e+01,    0.00000e+00,    1.05801e+01,    0.00000e+00,    1.12921e+01,    0.00000e+00,              3,              0,       1 meters
  07/24/2018 15:28:01.648,   -1.00000e-02,    0.00000e+00,   -1.00000e-02,    0.00000e+00,   -1.00000e-02,    0.00000e+00,   -1.00000e-02,    0.00000e+00,   -1.00000e-02,    0.00000e+00,   -1.00000e-02,    0.00000e+00,   -1.00000e-02,    0.00000e+00,    1.40091e+02,    0.00000e+00,    3.51456e+01,    0.00000e+00,    4.00028e+01,    0.00000e+00,    1.05667e+01,    0.00000e+00,    1.13076e+01,    0.00000e+00,              3,              0,       1 meters
  07/24/2018 15:28:02.644,   -1.00000e-02,    0.00000e+00,   -1.00000e-02,    0.00000e+00,   -1.00000e-02,    0.00000e+00,   -1.00000e-02,    0.00000e+00,   -1.00000e-02,    0.00000e+00,   -1.00000e-02,    0.00000e+00,   -1.00000e-02,    0.00000e+00,    1.40046e+02,    0.00000e+00,    3.51458e+01,    0.00000e+00,    4.00016e+01,    0.00000e+00,    1.05762e+01,    0.00000e+00,    1.12987e+01,    0.00000e+00,              3,              0,       1 meters
  07/24/2018 15:28:03.638,   -1.00000e-02,    0.00000e+00,   -1.00000e-02,    0.00000e+00,   -1.00000e-02,    0.00000e+00,   -1.00000e-02,    0.00000e+00,   -1.00000e-02,    0.00000e+00,   -1.00000e-02,    0.00000e+00,   -1.00000e-02,    0.00000e+00,    1.40095e+02,    0.00000e+00,    3.51460e+01,    0.00000e+00,    3.99940e+01,    0.00000e+00,    1.05750e+01,    0.00000e+00,    1.13335e+01,    0.00000e+00,              3,              0,       1 meters
  07/24/2018 15:28:04.634,   -1.00000e-02,    0.00000e+00,   -1.00000e-02,    0.00000e+00,   -1.00000e-02,    0.00000e+00,   -1.00000e-02,    0.00000e+00,   -1.00000e-02,    0.00000e+00,   -1.00000e-02,    0.00000e+00,   -1.00000e-02,    0.00000e+00,    1.40025e+02,    0.00000e+00,    3.51466e+01,    0.00000e+00,    3.99966e+01,    0.00000e+00,    1.05702e+01,    0.00000e+00,    1.12748e+01,    0.00000e+00,              3,              0,       1 meters
  07/24/2018 15:28:05.630,   -1.00000e-02,    0.00000e+00,   -1.00000e-02,    0.00000e+00,   -1.00000e-02,    0.00000e+00,   -1.00000e-02,    0.00000e+00,   -1.00000e-02,    0.00000e+00,   -1.00000e-02,    0.00000e+00,   -1.00000e-02,    0.00000e+00,    1.40056e+02,    0.00000e+00,    3.51467e+01,    0.00000e+00,    3.99903e+01,    0.00000e+00,    1.05725e+01,    0.00000e+00,    1.12398e+01,    0.00000e+00,              3,              0,       1 meters
  07/24/2018 15:28:06.624,   -1.00000e-02,    0.00000e+00,   -1.00000e-02,    0.00000e+00,   -1.00000e-02,    0.00000e+00,   -1.00000e-02,    0.00000e+00,   -1.00000e-02,    0.00000e+00,   -1.00000e-02,    0.00000e+00,   -1.00000e-02,    0.00000e+00,    1.40065e+02,    0.00000e+00,    3.51468e+01,    0.00000e+00,    3.99892e+01,    0.00000e+00,    1.05769e+01,    0.00000e+00,    1.12896e+01,    0.00000e+00,              3,              0,       1 meters
  07/24/2018 15:28:07.618,   -1.00000e-02,    0.00000e+00,   -1.00000e-02,    0.00000e+00,   -1.00000e-02,    0.00000e+00,   -1.00000e-02,    0.00000e+00,   -1.00000e-02,    0.00000e+00,   -1.00000e-02,    0.00000e+00,   -1.00000e-02,    0.00000e+00,    1.40046e+02,    0.00000e+00,    3.51472e+01,    0.00000e+00,    3.99880e+01,    0.00000e+00,    1.05687e+01,    0.00000e+00,    1.12910e+01,    0.00000e+00,              3,              0,       1 meters
  07/24/2018 15:28:08.612,   -1.00000e-02,    0.00000e+00,   -1.00000e-02,    0.00000e+00,   -1.00000e-02,    0.00000e+00,   -1.00000e-02,    0.00000e+00,   -1.00000e-02,    0.00000e+00,   -1.00000e-02,    0.00000e+00,   -1.00000e-02,    0.00000e+00,    1.40093e+02,    0.00000e+00,    3.51475e+01,    0.00000e+00,    3.99864e+01,    0.00000e+00,    1.05773e+01,    0.00000e+00,    1.12788e+01,    0.00000e+00,              3,              0,       1 meters
  07/24/2018 15:28:09.609,   -1.00000e-02,    0.00000e+00,   -1.00000e-02,    0.00000e+00,   -1.00000e-02,    0.00000e+00,   -1.00000e-02,    0.00000e+00,   -1.00000e-02,    0.00000e+00,   -1.00000e-02,    0.00000e+00,   -1.00000e-02,    0.00000e+00,    1.40028e+02,    0.00000e+00,    3.51479e+01,    0.00000e+00,    3.99929e+01,    0.00000e+00,    1.05829e+01,    0.00000e+00,    1.12852e+01,    0.00000e+00,              3,              0,       1 meters
  07/24/2018 15:28:10.604,   -1.00000e-02,    0.00000e+00,   -1.00000e-02,    0.00000e+00,   -1.00000e-02,    0.00000e+00,   -1.00000e-02,    0.00000e+00,   -1.00000e-02,    0.00000e+00,   -1.00000e-02,    0.00000e+00,   -1.00000e-02,    0.00000e+00,    1.40092e+02,    0.00000e+00,    3.51479e+01,    0.00000e+00,    3.99902e+01,    0.00000e+00,    1.05653e+01,    0.00000e+00,    1.13036e+01,    0.00000e+00,              3,              0,       1 meters
  07/24/2018 15:28:11.601,   -1.00000e-02,    0.00000e+00,   -1.00000e-02,    0.00000e+00,   -1.00000e-02,    0.00000e+00,   -1.00000e-02,    0.00000e+00,   -1.00000e-02,    0.00000e+00,   -1.00000e-02,    0.00000e+00,   -1.00000e-02,    0.00000e+00,    1.40037e+02,    0.00000e+00,    3.51485e+01,    0.00000e+00,    3.99915e+01,    0.00000e+00,    1.05749e+01,    0.00000e+00,    1.13431e+01,    0.00000e+00,              3,              0,       1 meters
  07/24/2018 15:28:12.596,   -1.00000e-02,    0.00000e+00,   -1.00000e-02,    0.00000e+00,   -1.00000e-02,    0.00000e+00,   -1.00000e-02,    0.00000e+00,   -1.00000e-02,    0.00000e+00,   -1.00000e-02,    0.00000e+00,   -1.00000e-02,    0.00000e+00,    1.40044e+02,    0.00000e+00,    3.51487e+01,    0.00000e+00,    3.99919e+01,    0.00000e+00,    1.05640e+01,    0.00000e+00,    1.12989e+01,    0.00000e+00,              3,              0,       1 meters
  07/24/2018 15:28:13.591,   -1.00000e-02,    0.00000e+00,   -1.00000e-02,    0.00000e+00,   -1.00000e-02,    0.00000e+00,   -1.00000e-02,    0.00000e+00,   -1.00000e-02,    0.00000e+00,   -1.00000e-02,    0.00000e+00,   -1.00000e-02,    0.00000e+00,    1.40095e+02,    0.00000e+00,    3.51489e+01,    0.00000e+00,    3.99869e+01,    0.00000e+00,    1.05821e+01,    0.00000e+00,    1.12755e+01,    0.00000e+00,              3,              0,       1 meters
  07/24/2018 15:28:14.586,   -1.00000e-02,    0.00000e+00,   -1.00000e-02,    0.00000e+00,   -1.00000e-02,    0.00000e+00,   -1.00000e-02,    0.00000e+00,   -1.00000e-02,    0.00000e+00,   -1.00000e-02,    0.00000e+00,   -1.00000e-02,    0.00000e+00,    1.40036e+02,    0.00000e+00,    3.51493e+01,    0.00000e+00,    3.99835e+01,    0.00000e+00,    1.05788e+01,    0.00000e+00,    1.13062e+01,    0.00000e+00,              3,              0,       1 meters
  07/24/2018 15:28:15.582,   -1.00000e-02,    0.00000e+00,   -1.00000e-02,    0.00000e+00,   -1.00000e-02,    0.00000e+00,   -1.00000e-02,    0.00000e+00,   -1.00000e-02,    0.00000e+00,   -1.00000e-02,    0.00000e+00,   -1.00000e-02,    0.00000e+00,    1.40092e+02,    0.00000e+00,    3.51495e+01,    0.00000e+00,    3.99779e+01,    0.00000e+00,    1.05578e+01,    0.00000e+00,    1.13034e+01,    0.00000e+00,              3,              0,       1 meters
  07/24/2018 15:28:16.577,   -1.00000e-02,    0.00000e+00,   -1.00000e-02,    0.00000e+00,   -1.00000e-02,    0.00000e+00,   -1.00000e-02,    0.00000e+00,   -1.00000e-02,    0.00000e+00,   -1.00000e-02,    0.00000e+00,   -1.00000e-02,    0.00000e+00,    1.40038e+02,    0.00000e+00,    3.51500e+01,    0.00000e+00,    3.99804e+01,    0.00000e+00,    1.05608e+01,    0.00000e+00,    1.12950e+01,    0.00000e+00,              3,              0,       1 meters
  07/24/2018 15:28:17.573,   -1.00000e-02,    0.00000e+00,   -1.00000e-02,    0.00000e+00,   -1.00000e-02,    0.00000e+00,   -1.00000e-02,    0.00000e+00,   -1.00000e-02,    0.00000e+00,   -1.00000e-02,    0.00000e+00,   -1.00000e-02,    0.00000e+00,    1.40042e+02,    0.00000e+00,    3.51500e+01,    0.00000e+00,    3.99806e+01,    0.00000e+00,    1.05744e+01,    0.00000e+00,    1.12847e+01,    0.00000e+00,              3,              0,       1 meters
  07/24/2018 15:28:18.568,   -1.00000e-02,    0.00000e+00,   -1.00000e-02,    0.00000e+00,   -1.00000e-02,    0.00000e+00,   -1.00000e-02,    0.00000e+00,   -1.00000e-02,    0.00000e+00,   -1.00000e-02,    0.00000e+00,   -1.00000e-02,    0.00000e+00,    1.40051e+02,    0.00000e+00,    3.51505e+01,    0.00000e+00,    3.99787e+01,    0.00000e+00,    1.05715e+01,    0.00000e+00,    1.12996e+01,    0.00000e+00,              3,              0,       1 meters
  07/24/2018 15:28:19.563,   -1.00000e-02,    0.00000e+00,   -1.00000e-02,    0.00000e+00,   -1.00000e-02,    0.00000e+00,   -1.00000e-02,    0.00000e+00,   -1.00000e-02,    0.00000e+00,   -1.00000e-02,    0.00000e+00,   -1.00000e-02,    0.00000e+00,    1.40032e+02,    0.00000e+00,    3.51509e+01,    0.00000e+00,    3.99794e+01,    0.00000e+00,    1.05738e+01,    0.00000e+00,    1.13058e+01,    0.00000e+00,              3,              0,       1 meters
  07/24/2018 15:28:20.559,   -1.00000e-02,    0.00000e+00,   -1.00000e-02,    0.00000e+00,   -1.00000e-02,    0.00000e+00,   -1.00000e-02,    0.00000e+00,   -1.00000e-02,    0.00000e+00,   -1.00000e-02,    0.00000e+00,   -1.00000e-02,    0.00000e+00,    1.40092e+02,    0.00000e+00,    3.51510e+01,    0.00000e+00,    3.99744e+01,    0.00000e+00,    1.05645e+01,    0.00000e+00,    1.13428e+01,    0.00000e+00,              3,              0,       1 meters
  07/24/2018 15:28:21.554,   -1.00000e-02,    0.00000e+00,   -1.00000e-02,    0.00000e+00,   -1.00000e-02,    0.00000e+00,    3.77064e+01,    0.00000e+00,   -1.00000e-02,    0.00000e+00,   -1.00004e-02,    0.00000e+00,   -1.00004e-02,    0.00000e+00,    1.40039e+02,    0.00000e+00,    3.51516e+01,    0.00000e+00,    3.99785e+01,    0.00000e+00,    1.05702e+01,    0.00000e+00,    1.12631e+01,    0.00000e+00,              3,              0,       1 meters
  07/24/2018 15:28:22.549,   -1.00000e-02,    0.00000e+00,   -1.00000e-02,    0.00000e+00,   -1.00000e-02,    0.00000e+00,    4.83169e+01,    0.00000e+00,   -1.00000e-02,    0.00000e+00,   -1.00005e-02,    0.00000e+00,   -1.00005e-02,    0.00000e+00,    1.40086e+02,    0.00000e+00,    3.51517e+01,    0.00000e+00,    3.99744e+01,    0.00000e+00,    1.05640e+01,    0.00000e+00,    1.12689e+01,    0.00000e+00,              3,              0,       1 meters
  07/24/2018 15:28:23.545,   -1.00000e-02,    0.00000e+00,   -1.00000e-02,    0.00000e+00,   -1.00000e-02,    0.00000e+00,   -1.00000e-02,    0.00000e+00,   -1.00000e-02,    0.00000e+00,   -1.00000e-02,    0.00000e+00,   -1.00000e-02,    0.00000e+00,    1.40056e+02,    0.00000e+00,    3.51521e+01,    0.00000e+00,    3.99778e+01,    0.00000e+00,    1.05726e+01,    0.00000e+00,    1.12726e+01,    0.00000e+00,              3,              0,       1 meters
  07/24/2018 15:28:24.540,   -1.00000e-02,    0.00000e+00,   -1.00000e-02,    0.00000e+00,   -1.00000e-02,    0.00000e+00,    1.28310e+00,    0.00000e+00,   -1.00000e-02,    0.00000e+00,   -1.00000e-02,    0.00000e+00,   -1.00000e-02,    0.00000e+00,    1.40030e+02,    0.00000e+00,    3.51528e+01,    0.00000e+00,    3.99760e+01,    0.00000e+00,    1.05662e+01,    0.00000e+00,    1.12763e+01,    0.00000e+00,              3,              0,       1 meters
  07/24/2018 15:28:25.535,   -1.00000e-02,    0.00000e+00,   -1.00000e-02,    0.00000e+00,   -1.00000e-02,    0.00000e+00,    2.04152e+01,    0.00000e+00,   -1.00000e-02,    0.00000e+00,   -1.00002e-02,    0.00000e+00,   -1.00002e-02,    0.00000e+00,    1.40072e+02,    0.00000e+00,    3.51527e+01,    0.00000e+00,    3.99726e+01,    0.00000e+00,    1.05736e+01,    0.00000e+00,    1.13174e+01,    0.00000e+00,              3,              0,       1 meters
  07/24/2018 15:28:26.531,   -1.00000e-02,    0.00000e+00,   -1.00000e-02,    0.00000e+00,   -1.00000e-02,    0.00000e+00,   -1.00000e-02,    0.00000e+00,   -1.00000e-02,    0.00000e+00,   -1.00000e-02,    0.00000e+00,   -1.00000e-02,    0.00000e+00,    1.40023e+02,    0.00000e+00,    3.51534e+01,    0.00000e+00,    3.99758e+01,    0.00000e+00,    1.05743e+01,    0.00000e+00,    1.12965e+01,    0.00000e+00,              3,              0,       1 meters
  07/24/2018 15:28:27.526,   -1.00000e-02,    0.00000e+00,   -1.00000e-02,    0.00000e+00,   -1.00000e-02,    0.00000e+00,    1.05134e+02,    0.00000e+00,   -1.00000e-02,    0.00000e+00,   -1.00011e-02,    0.00000e+00,   -1.00011e-02,    0.00000e+00,    1.40084e+02,    0.00000e+00,    3.51535e+01,    0.00000e+00,    3.99709e+01,    0.00000e+00,    1.05630e+01,    0.00000e+00,    1.12836e+01,    0.00000e+00,              3,              0,       1 meters
  07/24/2018 15:28:28.522,   -1.00000e-02,    0.00000e+00,   -1.00000e-02,    0.00000e+00,   -1.00000e-02,    0.00000e+00,    1.62274e+02,    0.00000e+00,   -1.00000e-02,    0.00000e+00,   -1.00016e-02,    0.00000e+00,   -1.00016e-02,    0.00000e+00,    1.40058e+02,    0.00000e+00,    3.51538e+01,    0.00000e+00,    3.99671e+01,    0.00000e+00,    1.05533e+01,    0.00000e+00,    1.12754e+01,    0.00000e+00,              3,              0,       1 meters
  07/24/2018 15:28:29.516,   -1.00000e-02,    0.00000e+00,   -1.00000e-02,    0.00000e+00,   -1.00000e-02,    0.00000e+00,    1.85834e+01,    0.00000e+00,   -1.00000e-02,    0.00000e+00,   -1.00002e-02,    0.00000e+00,   -1.00002e-02,    0.00000e+00,    1.40057e+02,    0.00000e+00,    3.51539e+01,    0.00000e+00,    3.99684e+01,    0.00000e+00,    1.05730e+01,    0.00000e+00,    1.12789e+01,    0.00000e+00,              3,              0,       1 meters
  07/24/2018 15:28:30.512,   -1.00000e-02,    0.00000e+00,   -1.00000e-02,    0.00000e+00,   -1.00000e-02,    0.00000e+00,    1.18831e+02,    0.00000e+00,   -1.00000e-02,    0.00000e+00,   -1.00012e-02,    0.00000e+00,   -1.00012e-02,    0.00000e+00,    1.40068e+02,    0.00000e+00,    3.51545e+01,    0.00000e+00,    3.99705e+01,    0.00000e+00,    1.05708e+01,    0.00000e+00,    1.13073e+01,    0.00000e+00,              3,              0,       1 meters
  07/24/2018 15:28:31.509,   -1.00000e-02,    0.00000e+00,   -1.00000e-02,    0.00000e+00,   -1.00000e-02,    0.00000e+00,    9.90168e+01,    0.00000e+00,   -1.00000e-02,    0.00000e+00,   -1.00010e-02,    0.00000e+00,   -1.00010e-02,    0.00000e+00,    1.40021e+02,    0.00000e+00,    3.51548e+01,    0.00000e+00,    3.99761e+01,    0.00000e+00,    1.05795e+01,    0.00000e+00,    1.12883e+01,    0.00000e+00,              3,              0,       1 meters
  07/24/2018 15:28:32.504,   -1.00000e-02,    0.00000e+00,   -1.00000e-02,    0.00000e+00,   -1.00000e-02,    0.00000e+00,    1.86695e+02,    0.00000e+00,   -1.00000e-02,    0.00000e+00,   -1.00019e-02,    0.00000e+00,   -1.00019e-02,    0.00000e+00,    1.40084e+02,    0.00000e+00,    3.51561e+01,    0.00000e+00,    3.99719e+01,    0.00000e+00,    1.05728e+01,    0.00000e+00,    1.12537e+01,    0.00000e+00,              3,              0,       1 meters
  07/24/2018 15:28:33.498,   -1.00000e-02,    0.00000e+00,   -1.00000e-02,    0.00000e+00,   -1.00000e-02,    0.00000e+00,    2.43994e+02,    0.00000e+00,   -1.00000e-02,    0.00000e+00,   -1.00024e-02,    0.00000e+00,   -1.00024e-02,    0.00000e+00,    1.40017e+02,    0.00000e+00,    3.51584e+01,    0.00000e+00,    3.99741e+01,    0.00000e+00,    1.05682e+01,    0.00000e+00,    1.12791e+01,    0.00000e+00,              3,              0,       1 meters
  07/24/2018 15:28:34.494,   -1.00000e-02,    0.00000e+00,   -1.00000e-02,    0.00000e+00,   -1.00000e-02,    0.00000e+00,    1.09727e+02,    0.00000e+00,   -1.00000e-02,    0.00000e+00,   -1.00011e-02,    0.00000e+00,   -1.00011e-02,    0.00000e+00,    1.40078e+02,    0.00000e+00,    3.51575e+01,    0.00000e+00,    3.99688e+01,    0.00000e+00,    1.05780e+01,    0.00000e+00,    1.13290e+01,    0.00000e+00,              3,              0,       1 meters
  07/24/2018 15:28:35.489,   -1.00000e-02,    0.00000e+00,   -1.00000e-02,    0.00000e+00,   -1.00000e-02,    0.00000e+00,    1.85312e+02,    0.00000e+00,   -1.00000e-02,    0.00000e+00,   -1.00019e-02,    0.00000e+00,   -1.00019e-02,    0.00000e+00,    1.40072e+02,    0.00000e+00,    3.51586e+01,    0.00000e+00,    3.99663e+01,    0.00000e+00,    1.05692e+01,    0.00000e+00,    1.13256e+01,    0.00000e+00,              3,              0,       1 meters
  07/24/2018 15:28:36.484,   -1.00000e-02,    0.00000e+00,   -1.00000e-02,    0.00000e+00,   -1.00000e-02,    0.00000e+00,    2.74412e+02,    0.00000e+00,   -1.00000e-02,    0.00000e+00,   -1.00027e-02,    0.00000e+00,   -1.00027e-02,    0.00000e+00,    1.40018e+02,    0.00000e+00,    3.51588e+01,    0.00000e+00,    3.99663e+01,    0.00000e+00,    1.05729e+01,    0.00000e+00,    1.12856e+01,    0.00000e+00,              3,              0,       1 meters
  07/24/2018 15:28:37.479,   -1.00000e-02,    0.00000e+00,   -1.00000e-02,    0.00000e+00,   -1.00000e-02,    0.00000e+00,    2.94257e+02,    0.00000e+00,   -1.00000e-02,    0.00000e+00,   -1.00029e-02,    0.00000e+00,   -1.00029e-02,    0.00000e+00,    1.40084e+02,    0.00000e+00,    3.51575e+01,    0.00000e+00,    3.99612e+01,    0.00000e+00,    1.05656e+01,    0.00000e+00,    1.13116e+01,    0.00000e+00,              3,              0,       1 meters
  07/24/2018 15:28:38.475,   -1.00000e-02,    0.00000e+00,   -1.00000e-02,    0.00000e+00,   -1.00000e-02,    0.00000e+00,    2.74389e+02,    0.00000e+00,   -1.00000e-02,    0.00000e+00,   -1.00027e-02,    0.00000e+00,   -1.00027e-02,    0.00000e+00,    1.40018e+02,    0.00000e+00,    3.51599e+01,    0.00000e+00,    3.99628e+01,    0.00000e+00,    1.05439e+01,    0.00000e+00,    1.12615e+01,    0.00000e+00,              3,              0,       1 meters
  07/24/2018 15:28:39.470,   -1.00000e-02,    0.00000e+00,   -1.00000e-02,    0.00000e+00,   -1.00000e-02,    0.00000e+00,   -1.00000e-02,    0.00000e+00,   -1.00000e-02,    0.00000e+00,   -1.00000e-02,    0.00000e+00,   -1.00000e-02,    0.00000e+00,    1.40076e+02,    0.00000e+00,    3.51571e+01,    0.00000e+00,    3.99558e+01,    0.00000e+00,    1.05835e+01,    0.00000e+00,    1.13951e+01,    0.00000e+00,              3,              0,       1 meters
  07/24/2018 15:28:40.466,   -1.00000e-02,    0.00000e+00,   -1.00000e-02,    0.00000e+00,   -1.00000e-02,    0.00000e+00,    9.71156e+01,    0.00000e+00,   -1.00000e-02,    0.00000e+00,   -1.00010e-02,    0.00000e+00,   -1.00010e-02,    0.00000e+00,    1.40048e+02,    0.00000e+00,    3.51580e+01,    0.00000e+00,    3.99585e+01,    0.00000e+00,    1.05717e+01,    0.00000e+00,    1.13378e+01,    0.00000e+00,              3,              0,       1 meters
  07/24/2018 15:28:41.461,   -1.00000e-02,    0.00000e+00,   -1.00000e-02,    0.00000e+00,   -1.00000e-02,    0.00000e+00,    3.68658e+02,    0.00000e+00,   -1.00000e-02,    0.00000e+00,   -1.00037e-02,    0.00000e+00,   -1.00037e-02,    0.00000e+00,    1.40065e+02,    0.00000e+00,    3.51584e+01,    0.00000e+00,    3.99548e+01,    0.00000e+00,    1.05739e+01,    0.00000e+00,    1.12759e+01,    0.00000e+00,              3,              0,       1 meters
  07/24/2018 15:28:42.456,   -1.00000e-02,    0.00000e+00,   -1.00000e-02,    0.00000e+00,   -1.00000e-02,    0.00000e+00,    6.57099e+02,    0.00000e+00,   -1.00000e-02,    0.00000e+00,   -1.00066e-02,    0.00000e+00,   -1.00066e-02,    0.00000e+00,    1.40084e+02,    0.00000e+00,    3.51588e+01,    0.00000e+00,    3.99536e+01,    0.00000e+00,    1.05637e+01,    0.00000e+00,    1.11736e+01,    0.00000e+00,              3,              0,       1 meters
  07/24/2018 15:28:43.451,   -1.00000e-02,    0.00000e+00,   -1.00000e-02,    0.00000e+00,   -1.00000e-02,    0.00000e+00,    3.47895e+02,    0.00000e+00,   -1.00000e-02,    0.00000e+00,   -1.00035e-02,    0.00000e+00,   -1.00035e-02,    0.00000e+00,    1.40019e+02,    0.00000e+00,    3.51594e+01,    0.00000e+00,    3.99552e+01,    0.00000e+00,    1.05733e+01,    0.00000e+00,    1.13040e+01,    0.00000e+00,              3,              0,       1 meters
  07/24/2018 15:28:44.447,   -1.00000e-02,    0.00000e+00,   -1.00000e-02,    0.00000e+00,   -1.00000e-02,    0.00000e+00,    5.30466e+02,    0.00000e+00,   -1.00000e-02,    0.00000e+00,   -1.00053e-02,    0.00000e+00,   -1.00053e-02,    0.00000e+00,    1.40068e+02,    0.00000e+00,    3.51594e+01,    0.00000e+00,    3.99520e+01,    0.00000e+00,    1.05723e+01,    0.00000e+00,    1.12978e+01,    0.00000e+00,              3,              0,       1 meters
  07/24/2018 15:28:45.442,   -1.00000e-02,    0.00000e+00,   -1.00000e-02,    0.00000e+00,   -1.00000e-02,    0.00000e+00,    3.39245e+02,    0.00000e+00,   -1.00000e-02,    0.00000e+00,   -1.00034e-02,    0.00000e+00,   -1.00034e-02,    0.00000e+00,    1.40019e+02,    0.00000e+00,    3.51599e+01,    0.00000e+00,    3.99567e+01,    0.00000e+00,    1.05803e+01,    0.00000e+00,    1.12874e+01,    0.00000e+00,              3,              0,       1 meters
  07/24/2018 15:28:46.438,   -1.00000e-02,    0.00000e+00,   -1.00000e-02,    0.00000e+00,   -1.00000e-02,    0.00000e+00,    4.62396e+02,    0.00000e+00,   -1.00000e-02,    0.00000e+00,   -1.00046e-02,    0.00000e+00,   -1.00046e-02,    0.00000e+00,    1.40062e+02,    0.00000e+00,    3.51602e+01,    0.00000e+00,    3.99558e+01,    0.00000e+00,    1.05451e+01,    0.00000e+00,    1.12663e+01,    0.00000e+00,              3,              0,       1 meters
  07/24/2018 15:28:47.433,   -1.00000e-02,    0.00000e+00,   -1.00000e-02,    0.00000e+00,   -1.00000e-02,    0.00000e+00,    2.82460e+02,    0.00000e+00,   -1.00000e-02,    0.00000e+00,   -1.00028e-02,    0.00000e+00,   -1.00028e-02,    0.00000e+00,    1.40087e+02,    0.00000e+00,    3.51604e+01,    0.00000e+00,    3.99575e+01,    0.00000e+00,    1.05762e+01,    0.00000e+00,    1.13743e+01,    0.00000e+00,              3,              0,       1 meters
  07/24/2018 15:28:48.428,   -1.00000e-02,    0.00000e+00,   -1.00000e-02,    0.00000e+00,   -1.00000e-02,    0.00000e+00,    1.42096e+02,    0.00000e+00,   -1.00000e-02,    0.00000e+00,   -1.00014e-02,    0.00000e+00,   -1.00014e-02,    0.00000e+00,    1.40048e+02,    0.00000e+00,    3.51607e+01,    0.00000e+00,    3.99599e+01,    0.00000e+00,    1.05843e+01,    0.00000e+00,    1.13806e+01,    0.00000e+00,              3,              0,       1 meters
  07/24/2018 15:28:49.424,   -1.00000e-02,    0.00000e+00,   -1.00000e-02,    0.00000e+00,   -1.00000e-02,    0.00000e+00,    1.35346e+02,    0.00000e+00,   -1.00000e-02,    0.00000e+00,   -1.00014e-02,    0.00000e+00,   -1.00014e-02,    0.00000e+00,    1.40091e+02,    0.00000e+00,    3.51611e+01,    0.00000e+00,    3.99541e+01,    0.00000e+00,    1.05848e+01,    0.00000e+00,    1.13591e+01,    0.00000e+00,              3,              0,       1 meters
  07/24/2018 15:28:50.419,   -1.00000e-02,    0.00000e+00,   -1.00000e-02,    0.00000e+00,   -1.00000e-02,    0.00000e+00,    1.06956e+02,    0.00000e+00,   -1.00000e-02,    0.00000e+00,   -1.00011e-02,    0.00000e+00,   -1.00011e-02,    0.00000e+00,    1.40020e+02,    0.00000e+00,    3.51617e+01,    0.00000e+00,    3.99527e+01,    0.00000e+00,    1.05793e+01,    0.00000e+00,    1.14126e+01,    0.00000e+00,              3,              0,       1 meters
  07/24/2018 15:28:51.414,   -1.00000e-02,    0.00000e+00,   -1.00000e-02,    0.00000e+00,   -1.00000e-02,    0.00000e+00,    3.31401e+01,    0.00000e+00,   -1.00000e-02,    0.00000e+00,   -1.00003e-02,    0.00000e+00,   -1.00003e-02,    0.00000e+00,    1.40063e+02,    0.00000e+00,    3.51616e+01,    0.00000e+00,    3.99484e+01,    0.00000e+00,    1.05762e+01,    0.00000e+00,    1.14175e+01,    0.00000e+00,              3,              0,       1 meters
  07/24/2018 15:28:52.409,   -1.00000e-02,    0.00000e+00,   -1.00000e-02,    0.00000e+00,   -1.00000e-02,    0.00000e+00,    1.69723e+02,    0.00000e+00,   -1.00000e-02,    0.00000e+00,   -1.00017e-02,    0.00000e+00,   -1.00017e-02,    0.00000e+00,    1.40027e+02,    0.00000e+00,    3.51621e+01,    0.00000e+00,    3.99482e+01,    0.00000e+00,    1.05842e+01,    0.00000e+00,    1.13720e+01,    0.00000e+00,              3,              0,       1 meters
  07/24/2018 15:28:53.405,   -1.00000e-02,    0.00000e+00,   -1.00000e-02,    0.00000e+00,   -1.00000e-02,    0.00000e+00,    1.13992e+02,    0.00000e+00,   -1.00000e-02,    0.00000e+00,   -1.00011e-02,    0.00000e+00,   -1.00011e-02,    0.00000e+00,    1.40055e+02,    0.00000e+00,    3.51620e+01,    0.00000e+00,    3.99456e+01,    0.00000e+00,    1.05833e+01,    0.00000e+00,    1.13714e+01,    0.00000e+00,              3,              0,       1 meters
  07/24/2018 15:28:54.401,   -1.00000e-02,    0.00000e+00,   -1.00000e-02,    0.00000e+00,   -1.00000e-02,    0.00000e+00,    1.38889e+02,    0.00000e+00,   -1.00000e-02,    0.00000e+00,   -1.00014e-02,    0.00000e+00,   -1.00014e-02,    0.00000e+00,    1.40092e+02,    0.00000e+00,    3.51625e+01,    0.00000e+00,    3.99458e+01,    0.00000e+00,    1.05787e+01,    0.00000e+00,    1.14029e+01,    0.00000e+00,              3,              0,       1 meters
  07/24/2018 15:28:55.395,   -1.00000e-02,    0.00000e+00,   -1.00000e-02,    0.00000e+00,   -1.00000e-02,    0.00000e+00,    1.58295e+02,    0.00000e+00,   -1.00000e-02,    0.00000e+00,   -1.00016e-02,    0.00000e+00,   -1.00016e-02,    0.00000e+00,    1.40045e+02,    0.00000e+00,    3.51630e+01,    0.00000e+00,    3.99501e+01,    0.00000e+00,    1.05806e+01,    0.00000e+00,    1.13893e+01,    0.00000e+00,              3,              0,       1 meters
  07/24/2018 15:28:56.391,   -1.00000e-02,    0.00000e+00,   -1.00000e-02,    0.00000e+00,   -1.00000e-02,    0.00000e+00,    8.43864e+01,    0.00000e+00,   -1.00000e-02,    0.00000e+00,   -1.00008e-02,    0.00000e+00,   -1.00008e-02,    0.00000e+00,    1.40094e+02,    0.00000e+00,    3.51630e+01,    0.00000e+00,    3.99500e+01,    0.00000e+00,    1.05818e+01,    0.00000e+00,    1.13998e+01,    0.00000e+00,              3,              0,       1 meters
  07/24/2018 15:28:57.387,   -1.00000e-02,    0.00000e+00,   -1.00000e-02,    0.00000e+00,   -1.00000e-02,    0.00000e+00,    3.24254e+02,    0.00000e+00,   -1.00000e-02,    0.00000e+00,   -1.00032e-02,    0.00000e+00,   -1.00032e-02,    0.00000e+00,    1.40027e+02,    0.00000e+00,    3.51634e+01,    0.00000e+00,    3.99535e+01,    0.00000e+00,    1.05797e+01,    0.00000e+00,    1.13248e+01,    0.00000e+00,              3,              0,       1 meters
  07/24/2018 15:28:58.382,   -1.00000e-02,    0.00000e+00,   -1.00000e-02,    0.00000e+00,   -1.00000e-02,    0.00000e+00,    2.90985e+02,    0.00000e+00,   -1.00000e-02,    0.00000e+00,   -1.00029e-02,    0.00000e+00,   -1.00029e-02,    0.00000e+00,    1.40052e+02,    0.00000e+00,    3.51634e+01,    0.00000e+00,    3.99493e+01,    0.00000e+00,    1.05821e+01,    0.00000e+00,    1.13683e+01,    0.00000e+00,              3,              0,       1 meters
  07/24/2018 15:28:59.377,   -1.00000e-02,    0.00000e+00,   -1.00000e-02,    0.00000e+00,   -1.00000e-02,    0.00000e+00,    3.70676e+02,    0.00000e+00,   -1.00000e-02,    0.00000e+00,   -1.00037e-02,    0.00000e+00,   -1.00037e-02,    0.00000e+00,    1.40065e+02,    0.00000e+00,    3.51635e+01,    0.00000e+00,    3.99508e+01,    0.00000e+00,    1.05750e+01,    0.00000e+00,    1.13776e+01,    0.00000e+00,              3,              0,       1 meters
  07/24/2018 15:29:00.372,   -1.00000e-02,    0.00000e+00,   -1.00000e-02,    0.00000e+00,   -1.00000e-02,    0.00000e+00,    7.06526e+02,    0.00000e+00,   -1.00000e-02,    0.00000e+00,   -1.00071e-02,    0.00000e+00,   -1.00071e-02,    0.00000e+00,    1.40040e+02,    0.00000e+00,    3.51643e+01,    0.00000e+00,    3.99534e+01,    0.00000e+00,    1.05608e+01,    0.00000e+00,    1.12389e+01,    0.00000e+00,              3,              0,       1 meters
  07/24/2018 15:29:01.368,   -1.00000e-02,    0.00000e+00,   -1.00000e-02,    0.00000e+00,   -1.00000e-02,    0.00000e+00,    6.97358e+02,    0.00000e+00,   -1.00000e-02,    0.00000e+00,   -1.00070e-02,    0.00000e+00,   -1.00070e-02,    0.00000e+00,    1.40091e+02,    0.00000e+00,    3.51646e+01,    0.00000e+00,    3.99514e+01,    0.00000e+00,    1.05736e+01,    0.00000e+00,    1.12827e+01,    0.00000e+00,              3,              0,       1 meters
  07/24/2018 15:29:02.363,   -1.00000e-02,    0.00000e+00,   -1.00000e-02,    0.00000e+00,   -1.00000e-02,    0.00000e+00,    7.11849e+02,    0.00000e+00,   -1.00000e-02,    0.00000e+00,   -1.00071e-02,    0.00000e+00,   -1.00071e-02,    0.00000e+00,    1.40031e+02,    0.00000e+00,    3.51650e+01,    0.00000e+00,    3.99558e+01,    0.00000e+00,    1.05732e+01,    0.00000e+00,    1.12407e+01,    0.00000e+00,              3,              0,       1 meters
  07/24/2018 15:29:03.358,   -1.00000e-02,    0.00000e+00,   -1.00000e-02,    0.00000e+00,   -1.00000e-02,    0.00000e+00,    4.95810e+02,    0.00000e+00,   -1.00000e-02,    0.00000e+00,   -1.00050e-02,    0.00000e+00,   -1.00050e-02,    0.00000e+00,    1.40059e+02,    0.00000e+00,    3.51651e+01,    0.00000e+00,    3.99520e+01,    0.00000e+00,    1.05457e+01,    0.00000e+00,    1.12986e+01,    0.00000e+00,              3,              0,       1 meters
  07/24/2018 15:29:04.354,   -1.00000e-02,    0.00000e+00,   -1.00000e-02,    0.00000e+00,   -1.00000e-02,    0.00000e+00,    4.79289e+02,    0.00000e+00,   -1.00000e-02,    0.00000e+00,   -1.00048e-02,    0.00000e+00,   -1.00048e-02,    0.00000e+00,    1.40045e+02,    0.00000e+00,    3.51655e+01,    0.00000e+00,    3.99500e+01,    0.00000e+00,    1.05702e+01,    0.00000e+00,    1.13611e+01,    0.00000e+00,              3,              0,       1 meters
  07/24/2018 15:29:05.349,   -1.00000e-02,    0.00000e+00,   -1.00000e-02,    0.00000e+00,   -1.00000e-02,    0.00000e+00,    6.51760e+02,    0.00000e+00,   -1.00000e-02,    0.00000e+00,   -1.00065e-02,    0.00000e+00,   -1.00065e-02,    0.00000e+00,    1.40030e+02,    0.00000e+00,    3.51654e+01,    0.00000e+00,    3.99500e+01,    0.00000e+00,    1.05699e+01,    0.00000e+00,    1.12845e+01,    0.00000e+00,              3,              0,       1 meters
  07/24/2018 15:29:06.345,   -1.00000e-02,    0.00000e+00,   -1.00000e-02,    0.00000e+00,   -1.00000e-02,    0.00000e+00,    8.74709e+02,    0.00000e+00,   -1.00000e-02,    0.00000e+00,   -1.00088e-02,    0.00000e+00,   -1.00088e-02,    0.00000e+00,    1.40081e+02,    0.00000e+00,    3.51650e+01,    0.00000e+00,    3.99461e+01,    0.00000e+00,    1.05543e+01,    0.00000e+00,    1.12293e+01,    0.00000e+00,              3,              0,       1 meters
  07/24/2018 15:29:07.339,   -1.00000e-02,    0.00000e+00,   -1.00000e-02,    0.00000e+00,   -1.00000e-02,    0.00000e+00,    6.10303e+02,    0.00000e+00,   -1.00000e-02,    0.00000e+00,   -1.00061e-02,    0.00000e+00,   -1.00061e-02,    0.00000e+00,    1.40005e+02,    0.00000e+00,    3.51653e+01,    0.00000e+00,    3.99468e+01,    0.00000e+00,    1.05701e+01,    0.00000e+00,    1.12938e+01,    0.00000e+00,              3,              0,       1 meters
  07/24/2018 15:29:08.335,   -1.00000e-02,    0.00000e+00,   -1.00000e-02,    0.00000e+00,   -1.00000e-02,    0.00000e+00,    2.37704e+02,    0.00000e+00,   -1.00000e-02,    0.00000e+00,   -1.00024e-02,    0.00000e+00,   -1.00024e-02,    0.00000e+00,    1.40075e+02,    0.00000e+00,    3.51650e+01,    0.00000e+00,    3.99443e+01,    0.00000e+00,    1.05657e+01,    0.00000e+00,    1.13236e+01,    0.00000e+00,              3,              0,       1 meters
  07/24/2018 15:29:09.331,   -1.00000e-02,    0.00000e+00,   -1.00000e-02,    0.00000e+00,   -1.00000e-02,    0.00000e+00,    2.39784e+02,    0.00000e+00,   -1.00000e-02,    0.00000e+00,   -1.00024e-02,    0.00000e+00,   -1.00024e-02,    0.00000e+00,    1.40068e+02,    0.00000e+00,    3.51653e+01,    0.00000e+00,    3.99471e+01,    0.00000e+00,    1.05645e+01,    0.00000e+00,    1.13245e+01,    0.00000e+00,              3,              0,       1 meters
  07/24/2018 15:29:10.326,   -1.00000e-02,    0.00000e+00,   -1.00000e-02,    0.00000e+00,   -1.00000e-02,    0.00000e+00,    1.58576e+02,    0.00000e+00,   -1.00000e-02,    0.00000e+00,   -1.00016e-02,    0.00000e+00,   -1.00016e-02,    0.00000e+00,    1.40018e+02,    0.00000e+00,    3.51659e+01,    0.00000e+00,    3.99498e+01,    0.00000e+00,    1.05765e+01,    0.00000e+00,    1.12506e+01,    0.00000e+00,              3,              0,       1 meters
  07/24/2018 15:29:11.321,   -1.00000e-02,    0.00000e+00,   -1.00000e-02,    0.00000e+00,   -1.00000e-02,    0.00000e+00,    1.60313e+02,    0.00000e+00,   -1.00000e-02,    0.00000e+00,   -1.00016e-02,    0.00000e+00,   -1.00016e-02,    0.00000e+00,    1.40081e+02,    0.00000e+00,    3.51657e+01,    0.00000e+00,    3.99451e+01,    0.00000e+00,    1.05530e+01,    0.00000e+00,    1.12375e+01,    0.00000e+00,              3,              0,       1 meters
  07/24/2018 15:29:12.317,   -1.00000e-02,    0.00000e+00,   -1.00000e-02,    0.00000e+00,   -1.00000e-02,    0.00000e+00,    1.67915e+02,    0.00000e+00,   -1.00000e-02,    0.00000e+00,   -1.00017e-02,    0.00000e+00,   -1.00017e-02,    0.00000e+00,    1.40014e+02,    0.00000e+00,    3.51661e+01,    0.00000e+00,    3.99528e+01,    0.00000e+00,    1.05484e+01,    0.00000e+00,    1.12201e+01,    0.00000e+00,              3,              0,       1 meters
  07/24/2018 15:29:13.312,   -1.00000e-02,    0.00000e+00,   -1.00000e-02,    0.00000e+00,   -1.00000e-02,    0.00000e+00,   -1.00000e-02,    0.00000e+00,   -1.00000e-02,    0.00000e+00,   -1.00000e-02,    0.00000e+00,   -1.00000e-02,    0.00000e+00,    1.40071e+02,    0.00000e+00,    3.51656e+01,    0.00000e+00,    3.99501e+01,    0.00000e+00,    1.05721e+01,    0.00000e+00,    1.12941e+01,    0.00000e+00,              3,              0,       1 meters
  07/24/2018 15:29:14.307,   -1.00000e-02,    0.00000e+00,   -1.00000e-02,    0.00000e+00,   -1.00000e-02,    0.00000e+00,   -1.00000e-02,    0.00000e+00,   -1.00000e-02,    0.00000e+00,   -1.00000e-02,    0.00000e+00,   -1.00000e-02,    0.00000e+00,    1.40048e+02,    0.00000e+00,    3.51661e+01,    0.00000e+00,    3.99515e+01,    0.00000e+00,    1.05548e+01,    0.00000e+00,    1.12301e+01,    0.00000e+00,              3,              0,       1 meters
  07/24/2018 15:29:15.302,   -1.00000e-02,    0.00000e+00,   -1.00000e-02,    0.00000e+00,   -1.00000e-02,    0.00000e+00,   -1.00000e-02,    0.00000e+00,   -1.00000e-02,    0.00000e+00,   -1.00000e-02,    0.00000e+00,   -1.00000e-02,    0.00000e+00,    1.40061e+02,    0.00000e+00,    3.51658e+01,    0.00000e+00,    3.99502e+01,    0.00000e+00,    1.05731e+01,    0.00000e+00,    1.11953e+01,    0.00000e+00,              3,              0,       1 meters
  07/24/2018 15:29:16.298,   -1.00000e-02,    0.00000e+00,   -1.00000e-02,    0.00000e+00,   -1.00000e-02,    0.00000e+00,   -1.00000e-02,    0.00000e+00,   -1.00000e-02,    0.00000e+00,   -1.00000e-02,    0.00000e+00,   -1.00000e-02,    0.00000e+00,    1.40087e+02,    0.00000e+00,    3.51659e+01,    0.00000e+00,    3.99503e+01,    0.00000e+00,    1.05753e+01,    0.00000e+00,    1.12651e+01,    0.00000e+00,              3,              0,       1 meters
