VC:46e9e7d BD:Jun  9 2016 SN:US4300160800001173
                     Time,      [CH4]_ppm,   [CH4]_ppm_sd,     [CH4L]_ppm,  [CH4L]_ppm_sd,     [CH4H]_ppm,  [CH4H]_ppm_sd,      [H2O]_ppm,   [H2O]_ppm_sd,      [CO2]_ppm,   [CO2]_ppm_sd,     [CH4]d_ppm,  [CH4]d_ppm_sd,     [CO2]d_ppm,  [CO2]d_ppm_sd,      GasP_torr,   GasP_torr_sd,         GasT_C,      GasT_C_sd,         AmbT_C,      AmbT_C_sd,         RD0_us,      RD0_us_sd,         RD1_us,      RD1_us_sd,       Fit_Flag,      MIU_VALVE,       MIU_DESC
  07/24/2018 12:53:56.826,    2.09120e+03,    0.00000e+00,   -1.00000e-02,    0.00000e+00,    2.09120e+03,    0.00000e+00,    2.00210e+03,    0.00000e+00,   -1.00000e-02,    0.00000e+00,   -1.00201e-02,    0.00000e+00,   -1.00201e-02,    0.00000e+00,    1.40003e+02,    0.00000e+00,    3.54217e+01,    0.00000e+00,    4.18066e+01,    0.00000e+00,    1.05620e+01,    0.00000e+00,    1.15300e+01,    0.00000e+00,              3,              0,       1 meters
  07/24/2018 12:53:57.821,    1.54870e+03,    0.00000e+00,   -1.00000e-02,    0.00000e+00,    1.54870e+03,    0.00000e+00,    2.18684e+03,    0.00000e+00,   -1.00000e-02,    0.00000e+00,   -1.00219e-02,    0.00000e+00,   -1.00219e-02,    0.00000e+00,    1.40088e+02,    0.00000e+00,    3.54216e+01,    0.00000e+00,    4.17958e+01,    0.00000e+00,    1.05760e+01,    0.00000e+00,    1.15119e+01,    0.00000e+00,              3,              0,       1 meters
  07/24/2018 12:53:58.816,    2.82618e+03,    0.00000e+00,   -1.00000e-02,    0.00000e+00,    2.82618e+03,    0.00000e+00,    2.27245e+03,    0.00000e+00,   -1.00000e-02,    0.00000e+00,   -1.00228e-02,    0.00000e+00,   -1.00228e-02,    0.00000e+00,    1.40016e+02,    0.00000e+00,    3.54224e+01,    0.00000e+00,    4.17944e+01,    0.00000e+00,    1.05793e+01,    0.00000e+00,    1.15411e+01,    0.00000e+00,              3,              0,       1 meters
  07/24/2018 12:53:59.812,    2.40547e+03,    0.00000e+00,   -1.00000e-02,    0.00000e+00,    2.40547e+03,    0.00000e+00,    2.15089e+03,    0.00000e+00,   -1.00000e-02,    0.00000e+00,   -1.00216e-02,    0.00000e+00,   -1.00216e-02,    0.00000e+00,    1.40029e+02,    0.00000e+00,    3.54230e+01,    0.00000e+00,    4.17945e+01,    0.00000e+00,    1.05627e+01,    0.00000e+00,    1.15233e+01,    0.00000e+00,              3,              0,       1 meters
  07/24/2018 12:54:00.807,    1.24882e+03,    0.00000e+00,   -1.00000e-02,    0.00000e+00,    1.24882e+03,    0.00000e+00,    2.18857e+03,    0.00000e+00,   -1.00000e-02,    0.00000e+00,   -1.00219e-02,    0.00000e+00,   -1.00219e-02,    0.00000e+00,    1.40084e+02,    0.00000e+00,    3.54232e+01,    0.00000e+00,    4.17877e+01,    0.00000e+00,    1.05623e+01,    0.00000e+00,    1.14637e+01,    0.00000e+00,              3,              0,       1 meters
  07/24/2018 12:54:01.802,    2.18729e+03,    0.00000e+00,   -1.00000e-02,    0.00000e+00,    2.18729e+03,    0.00000e+00,    2.22602e+03,    0.00000e+00,   -1.00000e-02,    0.00000e+00,   -1.00223e-02,    0.00000e+00,   -1.00223e-02,    0.00000e+00,    1.40004e+02,    0.00000e+00,    3.54239e+01,    0.00000e+00,    4.17889e+01,    0.00000e+00,    1.05779e+01,    0.00000e+00,    1.15236e+01,    0.00000e+00,              3,              0,       1 meters
  07/24/2018 12:54:02.798,    2.58996e+03,    0.00000e+00,   -1.00000e-02,    0.00000e+00,    2.58996e+03,    0.00000e+00,    2.08643e+03,    0.00000e+00,   -1.00000e-02,    0.00000e+00,   -1.00209e-02,    0.00000e+00,   -1.00209e-02,    0.00000e+00,    1.40063e+02,    0.00000e+00,    3.54244e+01,    0.00000e+00,    4.17876e+01,    0.00000e+00,    1.05634e+01,    0.00000e+00,    1.15451e+01,    0.00000e+00,              3,              0,       1 meters
  07/24/2018 12:54:03.793,    2.42481e+03,    0.00000e+00,   -1.00000e-02,    0.00000e+00,    2.42481e+03,    0.00000e+00,    2.12733e+03,    0.00000e+00,   -1.00000e-02,    0.00000e+00,   -1.00213e-02,    0.00000e+00,   -1.00213e-02,    0.00000e+00,    1.40082e+02,    0.00000e+00,    3.54250e+01,    0.00000e+00,    4.17840e+01,    0.00000e+00,    1.05768e+01,    0.00000e+00,    1.15400e+01,    0.00000e+00,              3,              0,       1 meters
  07/24/2018 12:54:04.789,    1.97569e+03,    0.00000e+00,   -1.00000e-02,    0.00000e+00,    1.97569e+03,    0.00000e+00,    2.11349e+03,    0.00000e+00,   -1.00000e-02,    0.00000e+00,   -1.00212e-02,    0.00000e+00,   -1.00212e-02,    0.00000e+00,    1.40034e+02,    0.00000e+00,    3.54260e+01,    0.00000e+00,    4.17891e+01,    0.00000e+00,    1.05755e+01,    0.00000e+00,    1.15137e+01,    0.00000e+00,              3,              0,       1 meters
  07/24/2018 12:54:05.784,    2.11453e+03,    0.00000e+00,   -1.00000e-02,    0.00000e+00,    2.11453e+03,    0.00000e+00,    2.23995e+03,    0.00000e+00,   -1.00000e-02,    0.00000e+00,   -1.00224e-02,    0.00000e+00,   -1.00224e-02,    0.00000e+00,    1.40078e+02,    0.00000e+00,    3.54262e+01,    0.00000e+00,    4.17856e+01,    0.00000e+00,    1.05805e+01,    0.00000e+00,    1.15305e+01,    0.00000e+00,              3,              0,       1 meters
  07/24/2018 12:54:06.779,    2.03353e+03,    0.00000e+00,   -1.00000e-02,    0.00000e+00,    2.03353e+03,    0.00000e+00,    2.22877e+03,    0.00000e+00,   -1.00000e-02,    0.00000e+00,   -1.00223e-02,    0.00000e+00,   -1.00223e-02,    0.00000e+00,    1.40062e+02,    0.00000e+00,    3.54268e+01,    0.00000e+00,    4.17864e+01,    0.00000e+00,    1.05674e+01,    0.00000e+00,    1.15125e+01,    0.00000e+00,              3,              0,       1 meters
  07/24/2018 12:54:07.775,    1.84875e+03,    0.00000e+00,   -1.00000e-02,    0.00000e+00,    1.84875e+03,    0.00000e+00,    2.16638e+03,    0.00000e+00,   -1.00000e-02,    0.00000e+00,   -1.00217e-02,    0.00000e+00,   -1.00217e-02,    0.00000e+00,    1.40002e+02,    0.00000e+00,    3.54280e+01,    0.00000e+00,    4.17856e+01,    0.00000e+00,    1.05600e+01,    0.00000e+00,    1.14937e+01,    0.00000e+00,              3,              0,       1 meters
  07/24/2018 12:54:08.769,    1.47275e+03,    0.00000e+00,   -1.00000e-02,    0.00000e+00,    1.47275e+03,    0.00000e+00,    2.27845e+03,    0.00000e+00,   -1.00000e-02,    0.00000e+00,   -1.00228e-02,    0.00000e+00,   -1.00228e-02,    0.00000e+00,    1.40065e+02,    0.00000e+00,    3.54283e+01,    0.00000e+00,    4.17850e+01,    0.00000e+00,    1.05730e+01,    0.00000e+00,    1.14963e+01,    0.00000e+00,              3,              0,       1 meters
  07/24/2018 12:54:09.765,    1.89318e+03,    0.00000e+00,   -1.00000e-02,    0.00000e+00,    1.89318e+03,    0.00000e+00,    2.20576e+03,    0.00000e+00,   -1.00000e-02,    0.00000e+00,   -1.00221e-02,    0.00000e+00,   -1.00221e-02,    0.00000e+00,    1.40026e+02,    0.00000e+00,    3.54290e+01,    0.00000e+00,    4.17886e+01,    0.00000e+00,    1.05675e+01,    0.00000e+00,    1.15048e+01,    0.00000e+00,              3,              0,       1 meters
  07/24/2018 12:54:10.761,    1.01939e+03,    0.00000e+00,   -1.00000e-02,    0.00000e+00,    1.01939e+03,    0.00000e+00,    2.09260e+03,    0.00000e+00,   -1.00000e-02,    0.00000e+00,   -1.00210e-02,    0.00000e+00,   -1.00210e-02,    0.00000e+00,    1.40018e+02,    0.00000e+00,    3.54299e+01,    0.00000e+00,    4.17954e+01,    0.00000e+00,    1.05547e+01,    0.00000e+00,    1.14561e+01,    0.00000e+00,              3,              0,       1 meters
  07/24/2018 12:54:11.756,   -1.00000e-02,    0.00000e+00,   -1.00000e-02,    0.00000e+00,   -1.00000e-02,    0.00000e+00,    2.14694e+03,    0.00000e+00,   -1.00000e-02,    0.00000e+00,   -1.00215e-02,    0.00000e+00,   -1.00215e-02,    0.00000e+00,    1.40078e+02,    0.00000e+00,    3.54304e+01,    0.00000e+00,    4.17931e+01,    0.00000e+00,    1.05747e+01,    0.00000e+00,    1.14102e+01,    0.00000e+00,              3,              0,       1 meters
  07/24/2018 12:54:12.751,    1.62628e+03,    0.00000e+00,   -1.00000e-02,    0.00000e+00,    1.62628e+03,    0.00000e+00,    2.15140e+03,    0.00000e+00,   -1.00000e-02,    0.00000e+00,   -1.00216e-02,    0.00000e+00,   -1.00216e-02,    0.00000e+00,    1.40033e+02,    0.00000e+00,    3.54311e+01,    0.00000e+00,    4.17906e+01,    0.00000e+00,    1.05732e+01,    0.00000e+00,    1.14733e+01,    0.00000e+00,              3,              0,       1 meters
  07/24/2018 12:54:13.746,   -1.00000e-02,    0.00000e+00,   -1.00000e-02,    0.00000e+00,   -1.00000e-02,    0.00000e+00,    1.99213e+03,    0.00000e+00,   -1.00000e-02,    0.00000e+00,   -1.00200e-02,    0.00000e+00,   -1.00200e-02,    0.00000e+00,    1.40044e+02,    0.00000e+00,    3.54316e+01,    0.00000e+00,    4.17823e+01,    0.00000e+00,    1.05416e+01,    0.00000e+00,    1.14146e+01,    0.00000e+00,              3,              0,       1 meters
  07/24/2018 12:54:14.742,   -1.00000e-02,    0.00000e+00,   -1.00000e-02,    0.00000e+00,   -1.00000e-02,    0.00000e+00,    2.05961e+03,    0.00000e+00,   -1.00000e-02,    0.00000e+00,   -1.00206e-02,    0.00000e+00,   -1.00206e-02,    0.00000e+00,    1.40084e+02,    0.00000e+00,    3.54322e+01,    0.00000e+00,    4.17774e+01,    0.00000e+00,    1.05607e+01,    0.00000e+00,    1.13895e+01,    0.00000e+00,              3,              0,       1 meters
  07/24/2018 12:54:15.737,   -1.00000e-02,    0.00000e+00,   -1.00000e-02,    0.00000e+00,   -1.00000e-02,    0.00000e+00,    2.06202e+03,    0.00000e+00,   -1.00000e-02,    0.00000e+00,   -1.00207e-02,    0.00000e+00,   -1.00207e-02,    0.00000e+00,    1.40036e+02,    0.00000e+00,    3.54333e+01,    0.00000e+00,    4.17778e+01,    0.00000e+00,    1.05631e+01,    0.00000e+00,    1.14581e+01,    0.00000e+00,              3,              0,       1 meters
  07/24/2018 12:54:16.732,   -1.00000e-02,    0.00000e+00,   -1.00000e-02,    0.00000e+00,   -1.00000e-02,    0.00000e+00,    2.00095e+03,    0.00000e+00,   -1.00000e-02,    0.00000e+00,   -1.00200e-02,    0.00000e+00,   -1.00200e-02,    0.00000e+00,    1.40065e+02,    0.00000e+00,    3.54337e+01,    0.00000e+00,    4.17722e+01,    0.00000e+00,    1.05533e+01,    0.00000e+00,    1.14267e+01,    0.00000e+00,              3,              0,       1 meters
  07/24/2018 12:54:17.726,   -1.00000e-02,    0.00000e+00,   -1.00000e-02,    0.00000e+00,   -1.00000e-02,    0.00000e+00,    1.99336e+03,    0.00000e+00,   -1.00000e-02,    0.00000e+00,   -1.00200e-02,    0.00000e+00,   -1.00200e-02,    0.00000e+00,    1.40076e+02,    0.00000e+00,    3.54339e+01,    0.00000e+00,    4.17659e+01,    0.00000e+00,    1.05491e+01,    0.00000e+00,    1.13729e+01,    0.00000e+00,              3,              0,       1 meters
  07/24/2018 12:54:18.722,   -1.00000e-02,    0.00000e+00,   -1.00000e-02,    0.00000e+00,   -1.00000e-02,    0.00000e+00,    1.90139e+03,    0.00000e+00,   -1.00000e-02,    0.00000e+00,   -1.00191e-02,    0.00000e+00,   -1.00191e-02,    0.00000e+00,    1.40013e+02,    0.00000e+00,    3.54353e+01,    0.00000e+00,    4.17698e+01,    0.00000e+00,    1.05362e+01,    0.00000e+00,    1.14084e+01,    0.00000e+00,              3,              0,       1 meters
  07/24/2018 12:54:19.717,   -1.00000e-02,    0.00000e+00,   -1.00000e-02,    0.00000e+00,   -1.00000e-02,    0.00000e+00,    1.93346e+03,    0.00000e+00,   -1.00000e-02,    0.00000e+00,   -1.00194e-02,    0.00000e+00,   -1.00194e-02,    0.00000e+00,    1.40046e+02,    0.00000e+00,    3.54358e+01,    0.00000e+00,    4.17685e+01,    0.00000e+00,    1.05404e+01,    0.00000e+00,    1.13994e+01,    0.00000e+00,              3,              0,       1 meters
  07/24/2018 12:54:20.712,   -1.00000e-02,    0.00000e+00,   -1.00000e-02,    0.00000e+00,   -1.00000e-02,    0.00000e+00,    1.88434e+03,    0.00000e+00,   -1.00000e-02,    0.00000e+00,   -1.00189e-02,    0.00000e+00,   -1.00189e-02,    0.00000e+00,    1.40055e+02,    0.00000e+00,    3.54366e+01,    0.00000e+00,    4.17622e+01,    0.00000e+00,    1.05403e+01,    0.00000e+00,    1.13947e+01,    0.00000e+00,              3,              0,       1 meters
  07/24/2018 12:54:21.708,   -1.00000e-02,    0.00000e+00,   -1.00000e-02,    0.00000e+00,   -1.00000e-02,    0.00000e+00,    1.89896e+03,    0.00000e+00,   -1.00000e-02,    0.00000e+00,   -1.00190e-02,    0.00000e+00,   -1.00190e-02,    0.00000e+00,    1.39996e+02,    0.00000e+00,    3.54376e+01,    0.00000e+00,    4.17609e+01,    0.00000e+00,    1.05364e+01,    0.00000e+00,    1.13735e+01,    0.00000e+00,              3,              0,       1 meters
  07/24/2018 12:54:22.703,   -1.00000e-02,    0.00000e+00,   -1.00000e-02,    0.00000e+00,   -1.00000e-02,    0.00000e+00,    1.94583e+03,    0.00000e+00,   -1.00000e-02,    0.00000e+00,   -1.00195e-02,    0.00000e+00,   -1.00195e-02,    0.00000e+00,    1.40042e+02,    0.00000e+00,    3.54383e+01,    0.00000e+00,    4.17546e+01,    0.00000e+00,    1.05224e+01,    0.00000e+00,    1.13681e+01,    0.00000e+00,              3,              0,       1 meters
  07/24/2018 12:54:23.698,   -1.00000e-02,    0.00000e+00,   -1.00000e-02,    0.00000e+00,   -1.00000e-02,    0.00000e+00,    1.97523e+03,    0.00000e+00,   -1.00000e-02,    0.00000e+00,   -1.00198e-02,    0.00000e+00,   -1.00198e-02,    0.00000e+00,    1.40060e+02,    0.00000e+00,    3.54389e+01,    0.00000e+00,    4.17522e+01,    0.00000e+00,    1.05360e+01,    0.00000e+00,    1.13739e+01,    0.00000e+00,              3,              0,       1 meters
  07/24/2018 12:54:24.694,   -1.00000e-02,    0.00000e+00,   -1.00000e-02,    0.00000e+00,   -1.00000e-02,    0.00000e+00,    1.93331e+03,    0.00000e+00,   -1.00000e-02,    0.00000e+00,   -1.00194e-02,    0.00000e+00,   -1.00194e-02,    0.00000e+00,    1.39999e+02,    0.00000e+00,    3.54397e+01,    0.00000e+00,    4.17479e+01,    0.00000e+00,    1.05173e+01,    0.00000e+00,    1.13375e+01,    0.00000e+00,              3,              0,       1 meters
  07/24/2018 12:54:25.689,   -1.00000e-02,    0.00000e+00,   -1.00000e-02,    0.00000e+00,   -1.00000e-02,    0.00000e+00,    1.99238e+03,    0.00000e+00,   -1.00000e-02,    0.00000e+00,   -1.00200e-02,    0.00000e+00,   -1.00200e-02,    0.00000e+00,    1.40059e+02,    0.00000e+00,    3.54398e+01,    0.00000e+00,    4.17402e+01,    0.00000e+00,    1.05163e+01,    0.00000e+00,    1.13353e+01,    0.00000e+00,              3,              0,       1 meters
  07/24/2018 12:54:26.684,   -1.00000e-02,    0.00000e+00,   -1.00000e-02,    0.00000e+00,   -1.00000e-02,    0.00000e+00,    2.06217e+03,    0.00000e+00,   -1.00000e-02,    0.00000e+00,   -1.00207e-02,    0.00000e+00,   -1.00207e-02,    0.00000e+00,    1.40076e+02,    0.00000e+00,    3.54406e+01,    0.00000e+00,    4.17349e+01,    0.00000e+00,    1.05318e+01,    0.00000e+00,    1.13851e+01,    0.00000e+00,              3,              0,       1 meters
  07/24/2018 12:54:27.682,   -1.00000e-02,    0.00000e+00,   -1.00000e-02,    0.00000e+00,   -1.00000e-02,    0.00000e+00,    2.06743e+03,    0.00000e+00,   -1.00000e-02,    0.00000e+00,   -1.00207e-02,    0.00000e+00,   -1.00207e-02,    0.00000e+00,    1.40012e+02,    0.00000e+00,    3.54414e+01,    0.00000e+00,    4.17386e+01,    0.00000e+00,    1.05283e+01,    0.00000e+00,    1.13049e+01,    0.00000e+00,              3,              0,       1 meters
  07/24/2018 12:54:28.677,   -1.00000e-02,    0.00000e+00,   -1.00000e-02,    0.00000e+00,   -1.00000e-02,    0.00000e+00,    2.06867e+03,    0.00000e+00,   -1.00000e-02,    0.00000e+00,   -1.00207e-02,    0.00000e+00,   -1.00207e-02,    0.00000e+00,    1.40074e+02,    0.00000e+00,    3.54415e+01,    0.00000e+00,    4.17304e+01,    0.00000e+00,    1.05194e+01,    0.00000e+00,    1.12936e+01,    0.00000e+00,              3,              0,       1 meters
  07/24/2018 12:54:29.673,   -1.00000e-02,    0.00000e+00,   -1.00000e-02,    0.00000e+00,   -1.00000e-02,    0.00000e+00,    2.14337e+03,    0.00000e+00,   -1.00000e-02,    0.00000e+00,   -1.00215e-02,    0.00000e+00,   -1.00215e-02,    0.00000e+00,    1.40060e+02,    0.00000e+00,    3.54420e+01,    0.00000e+00,    4.17326e+01,    0.00000e+00,    1.05345e+01,    0.00000e+00,    1.12753e+01,    0.00000e+00,              3,              0,       1 meters
  07/24/2018 12:54:30.669,   -1.00000e-02,    0.00000e+00,   -1.00000e-02,    0.00000e+00,   -1.00000e-02,    0.00000e+00,    1.93443e+03,    0.00000e+00,   -1.00000e-02,    0.00000e+00,   -1.00194e-02,    0.00000e+00,   -1.00194e-02,    0.00000e+00,    1.40004e+02,    0.00000e+00,    3.54432e+01,    0.00000e+00,    4.17341e+01,    0.00000e+00,    1.05086e+01,    0.00000e+00,    1.13043e+01,    0.00000e+00,              3,              0,       1 meters
  07/24/2018 12:54:31.663,   -1.00000e-02,    0.00000e+00,   -1.00000e-02,    0.00000e+00,   -1.00000e-02,    0.00000e+00,    2.01625e+03,    0.00000e+00,   -1.00000e-02,    0.00000e+00,   -1.00202e-02,    0.00000e+00,   -1.00202e-02,    0.00000e+00,    1.40050e+02,    0.00000e+00,    3.54433e+01,    0.00000e+00,    4.17272e+01,    0.00000e+00,    1.05067e+01,    0.00000e+00,    1.12416e+01,    0.00000e+00,              3,              0,       1 meters
  07/24/2018 12:54:32.659,   -1.00000e-02,    0.00000e+00,   -1.00000e-02,    0.00000e+00,   -1.00000e-02,    0.00000e+00,    2.11667e+03,    0.00000e+00,   -1.00000e-02,    0.00000e+00,   -1.00212e-02,    0.00000e+00,   -1.00212e-02,    0.00000e+00,    1.40041e+02,    0.00000e+00,    3.54439e+01,    0.00000e+00,    4.17266e+01,    0.00000e+00,    1.05063e+01,    0.00000e+00,    1.12509e+01,    0.00000e+00,              3,              0,       1 meters
  07/24/2018 12:54:33.654,   -1.00000e-02,    0.00000e+00,   -1.00000e-02,    0.00000e+00,   -1.00000e-02,    0.00000e+00,    2.01294e+03,    0.00000e+00,   -1.00000e-02,    0.00000e+00,   -1.00202e-02,    0.00000e+00,   -1.00202e-02,    0.00000e+00,    1.39996e+02,    0.00000e+00,    3.54448e+01,    0.00000e+00,    4.17252e+01,    0.00000e+00,    1.05029e+01,    0.00000e+00,    1.13054e+01,    0.00000e+00,              3,              0,       1 meters
  07/24/2018 12:54:34.650,   -1.00000e-02,    0.00000e+00,   -1.00000e-02,    0.00000e+00,   -1.00000e-02,    0.00000e+00,    2.13671e+03,    0.00000e+00,   -1.00000e-02,    0.00000e+00,   -1.00214e-02,    0.00000e+00,   -1.00214e-02,    0.00000e+00,    1.40037e+02,    0.00000e+00,    3.54453e+01,    0.00000e+00,    4.17228e+01,    0.00000e+00,    1.05029e+01,    0.00000e+00,    1.12125e+01,    0.00000e+00,              3,              0,       1 meters
  07/24/2018 12:54:35.644,   -1.00000e-02,    0.00000e+00,   -1.00000e-02,    0.00000e+00,   -1.00000e-02,    0.00000e+00,    2.16472e+03,    0.00000e+00,   -1.00000e-02,    0.00000e+00,   -1.00217e-02,    0.00000e+00,   -1.00217e-02,    0.00000e+00,    1.40031e+02,    0.00000e+00,    3.54460e+01,    0.00000e+00,    4.17216e+01,    0.00000e+00,    1.04949e+01,    0.00000e+00,    1.12211e+01,    0.00000e+00,              3,              0,       1 meters
  07/24/2018 12:54:36.641,   -1.00000e-02,    0.00000e+00,   -1.00000e-02,    0.00000e+00,   -1.00000e-02,    0.00000e+00,    2.20102e+03,    0.00000e+00,   -1.00000e-02,    0.00000e+00,   -1.00221e-02,    0.00000e+00,   -1.00221e-02,    0.00000e+00,    1.39992e+02,    0.00000e+00,    3.54465e+01,    0.00000e+00,    4.17259e+01,    0.00000e+00,    1.04832e+01,    0.00000e+00,    1.12795e+01,    0.00000e+00,              3,              0,       1 meters
  07/24/2018 12:54:37.636,   -1.00000e-02,    0.00000e+00,   -1.00000e-02,    0.00000e+00,   -1.00000e-02,    0.00000e+00,    2.22892e+03,    0.00000e+00,   -1.00000e-02,    0.00000e+00,   -1.00223e-02,    0.00000e+00,   -1.00223e-02,    0.00000e+00,    1.40044e+02,    0.00000e+00,    3.54467e+01,    0.00000e+00,    4.17233e+01,    0.00000e+00,    1.05037e+01,    0.00000e+00,    1.12184e+01,    0.00000e+00,              3,              0,       1 meters
  07/24/2018 12:54:38.631,   -1.00000e-02,    0.00000e+00,   -1.00000e-02,    0.00000e+00,   -1.00000e-02,    0.00000e+00,    2.29700e+03,    0.00000e+00,   -1.00000e-02,    0.00000e+00,   -1.00230e-02,    0.00000e+00,   -1.00230e-02,    0.00000e+00,    1.40080e+02,    0.00000e+00,    3.54471e+01,    0.00000e+00,    4.17189e+01,    0.00000e+00,    1.04985e+01,    0.00000e+00,    1.12250e+01,    0.00000e+00,              3,              0,       1 meters
  07/24/2018 12:54:39.626,   -1.00000e-02,    0.00000e+00,   -1.00000e-02,    0.00000e+00,   -1.00000e-02,    0.00000e+00,    2.28919e+03,    0.00000e+00,   -1.00000e-02,    0.00000e+00,   -1.00229e-02,    0.00000e+00,   -1.00229e-02,    0.00000e+00,    1.39997e+02,    0.00000e+00,    3.54480e+01,    0.00000e+00,    4.17226e+01,    0.00000e+00,    1.04846e+01,    0.00000e+00,    1.12648e+01,    0.00000e+00,              3,              0,       1 meters
  07/24/2018 12:54:40.622,   -1.00000e-02,    0.00000e+00,   -1.00000e-02,    0.00000e+00,   -1.00000e-02,    0.00000e+00,    2.40523e+03,    0.00000e+00,   -1.00000e-02,    0.00000e+00,   -1.00241e-02,    0.00000e+00,   -1.00241e-02,    0.00000e+00,    1.40054e+02,    0.00000e+00,    3.54482e+01,    0.00000e+00,    4.17196e+01,    0.00000e+00,    1.05029e+01,    0.00000e+00,    1.12273e+01,    0.00000e+00,              3,              0,       1 meters
  07/24/2018 12:54:41.617,   -1.00000e-02,    0.00000e+00,   -1.00000e-02,    0.00000e+00,   -1.00000e-02,    0.00000e+00,    2.40597e+03,    0.00000e+00,   -1.00000e-02,    0.00000e+00,   -1.00241e-02,    0.00000e+00,   -1.00241e-02,    0.00000e+00,    1.40074e+02,    0.00000e+00,    3.54488e+01,    0.00000e+00,    4.17187e+01,    0.00000e+00,    1.05052e+01,    0.00000e+00,    1.12356e+01,    0.00000e+00,              3,              0,       1 meters
  07/24/2018 12:54:42.612,   -1.00000e-02,    0.00000e+00,   -1.00000e-02,    0.00000e+00,   -1.00000e-02,    0.00000e+00,    2.47474e+03,    0.00000e+00,   -1.00000e-02,    0.00000e+00,   -1.00248e-02,    0.00000e+00,   -1.00248e-02,    0.00000e+00,    1.40007e+02,    0.00000e+00,    3.54496e+01,    0.00000e+00,    4.17225e+01,    0.00000e+00,    1.04980e+01,    0.00000e+00,    1.12763e+01,    0.00000e+00,              3,              0,       1 meters
  07/24/2018 12:54:43.607,   -1.00000e-02,    0.00000e+00,   -1.00000e-02,    0.00000e+00,   -1.00000e-02,    0.00000e+00,    2.52005e+03,    0.00000e+00,   -1.00000e-02,    0.00000e+00,   -1.00253e-02,    0.00000e+00,   -1.00253e-02,    0.00000e+00,    1.40064e+02,    0.00000e+00,    3.54495e+01,    0.00000e+00,    4.17201e+01,    0.00000e+00,    1.05053e+01,    0.00000e+00,    1.12413e+01,    0.00000e+00,              3,              0,       1 meters
  07/24/2018 12:54:44.603,   -1.00000e-02,    0.00000e+00,   -1.00000e-02,    0.00000e+00,   -1.00000e-02,    0.00000e+00,    2.42671e+03,    0.00000e+00,   -1.00000e-02,    0.00000e+00,   -1.00243e-02,    0.00000e+00,   -1.00243e-02,    0.00000e+00,    1.40064e+02,    0.00000e+00,    3.54500e+01,    0.00000e+00,    4.17203e+01,    0.00000e+00,    1.05065e+01,    0.00000e+00,    1.12053e+01,    0.00000e+00,              3,              0,       1 meters
  07/24/2018 12:54:45.599,   -1.00000e-02,    0.00000e+00,   -1.00000e-02,    0.00000e+00,   -1.00000e-02,    0.00000e+00,    2.51040e+03,    0.00000e+00,   -1.00000e-02,    0.00000e+00,   -1.00252e-02,    0.00000e+00,   -1.00252e-02,    0.00000e+00,    1.40006e+02,    0.00000e+00,    3.54508e+01,    0.00000e+00,    4.17207e+01,    0.00000e+00,    1.04878e+01,    0.00000e+00,    1.12135e+01,    0.00000e+00,              3,              0,       1 meters
  07/24/2018 12:54:46.598,   -1.00000e-02,    0.00000e+00,   -1.00000e-02,    0.00000e+00,   -1.00000e-02,    0.00000e+00,    2.52983e+03,    0.00000e+00,   -1.00000e-02,    0.00000e+00,   -1.00254e-02,    0.00000e+00,   -1.00254e-02,    0.00000e+00,    1.40037e+02,    0.00000e+00,    3.54512e+01,    0.00000e+00,    4.17121e+01,    0.00000e+00,    1.04847e+01,    0.00000e+00,    1.11750e+01,    0.00000e+00,              3,              0,       1 meters
  07/24/2018 12:54:47.595,   -1.00000e-02,    0.00000e+00,   -1.00000e-02,    0.00000e+00,   -1.00000e-02,    0.00000e+00,    2.41341e+03,    0.00000e+00,   -1.00000e-02,    0.00000e+00,   -1.00242e-02,    0.00000e+00,   -1.00242e-02,    0.00000e+00,    1.40053e+02,    0.00000e+00,    3.54519e+01,    0.00000e+00,    4.17072e+01,    0.00000e+00,    1.04755e+01,    0.00000e+00,    1.11221e+01,    0.00000e+00,              3,              0,       1 meters
  07/24/2018 12:54:48.591,   -1.00000e-02,    0.00000e+00,   -1.00000e-02,    0.00000e+00,   -1.00000e-02,    0.00000e+00,    2.39785e+03,    0.00000e+00,   -1.00000e-02,    0.00000e+00,   -1.00240e-02,    0.00000e+00,   -1.00240e-02,    0.00000e+00,    1.40000e+02,    0.00000e+00,    3.54524e+01,    0.00000e+00,    4.17052e+01,    0.00000e+00,    1.04537e+01,    0.00000e+00,    1.11360e+01,    0.00000e+00,              3,              0,       1 meters
  07/24/2018 12:54:49.586,   -1.00000e-02,    0.00000e+00,   -1.00000e-02,    0.00000e+00,   -1.00000e-02,    0.00000e+00,    2.43754e+03,    0.00000e+00,   -1.00000e-02,    0.00000e+00,   -1.00244e-02,    0.00000e+00,   -1.00244e-02,    0.00000e+00,    1.40011e+02,    0.00000e+00,    3.54531e+01,    0.00000e+00,    4.17051e+01,    0.00000e+00,    1.04768e+01,    0.00000e+00,    1.10991e+01,    0.00000e+00,              3,              0,       1 meters
  07/24/2018 12:54:50.581,   -1.00000e-02,    0.00000e+00,   -1.00000e-02,    0.00000e+00,   -1.00000e-02,    0.00000e+00,    2.29421e+03,    0.00000e+00,   -1.00000e-02,    0.00000e+00,   -1.00230e-02,    0.00000e+00,   -1.00230e-02,    0.00000e+00,    1.40056e+02,    0.00000e+00,    3.54537e+01,    0.00000e+00,    4.17009e+01,    0.00000e+00,    1.04496e+01,    0.00000e+00,    1.10803e+01,    0.00000e+00,              3,              0,       1 meters
  07/24/2018 12:54:51.576,   -1.00000e-02,    0.00000e+00,   -1.00000e-02,    0.00000e+00,   -1.00000e-02,    0.00000e+00,    2.31689e+03,    0.00000e+00,   -1.00000e-02,    0.00000e+00,   -1.00232e-02,    0.00000e+00,   -1.00232e-02,    0.00000e+00,    1.39998e+02,    0.00000e+00,    3.54543e+01,    0.00000e+00,    4.16994e+01,    0.00000e+00,    1.04229e+01,    0.00000e+00,    1.11310e+01,    0.00000e+00,              3,              0,       1 meters
  07/24/2018 12:54:52.572,   -1.00000e-02,    0.00000e+00,   -1.00000e-02,    0.00000e+00,   -1.00000e-02,    0.00000e+00,    2.35689e+03,    0.00000e+00,   -1.00000e-02,    0.00000e+00,   -1.00236e-02,    0.00000e+00,   -1.00236e-02,    0.00000e+00,    1.40007e+02,    0.00000e+00,    3.54551e+01,    0.00000e+00,    4.16992e+01,    0.00000e+00,    1.04537e+01,    0.00000e+00,    1.10578e+01,    0.00000e+00,              3,              0,       1 meters
  07/24/2018 12:54:53.568,   -1.00000e-02,    0.00000e+00,   -1.00000e-02,    0.00000e+00,   -1.00000e-02,    0.00000e+00,    2.31249e+03,    0.00000e+00,   -1.00000e-02,    0.00000e+00,   -1.00232e-02,    0.00000e+00,   -1.00232e-02,    0.00000e+00,    1.40059e+02,    0.00000e+00,    3.54556e+01,    0.00000e+00,    4.16943e+01,    0.00000e+00,    1.04664e+01,    0.00000e+00,    1.10941e+01,    0.00000e+00,              3,              0,       1 meters
  07/24/2018 12:54:54.562,   -1.00000e-02,    0.00000e+00,   -1.00000e-02,    0.00000e+00,   -1.00000e-02,    0.00000e+00,    2.30792e+03,    0.00000e+00,   -1.00000e-02,    0.00000e+00,   -1.00231e-02,    0.00000e+00,   -1.00231e-02,    0.00000e+00,    1.40029e+02,    0.00000e+00,    3.54562e+01,    0.00000e+00,    4.16915e+01,    0.00000e+00,    1.04373e+01,    0.00000e+00,    1.10801e+01,    0.00000e+00,              3,              0,       1 meters
  07/24/2018 12:54:55.558,   -1.00000e-02,    0.00000e+00,   -1.00000e-02,    0.00000e+00,   -1.00000e-02,    0.00000e+00,    2.22763e+03,    0.00000e+00,   -1.00000e-02,    0.00000e+00,   -1.00223e-02,    0.00000e+00,   -1.00223e-02,    0.00000e+00,    1.40004e+02,    0.00000e+00,    3.54572e+01,    0.00000e+00,    4.16885e+01,    0.00000e+00,    1.04505e+01,    0.00000e+00,    1.11065e+01,    0.00000e+00,              3,              0,       1 meters
  07/24/2018 12:54:56.554,   -1.00000e-02,    0.00000e+00,   -1.00000e-02,    0.00000e+00,   -1.00000e-02,    0.00000e+00,    2.30316e+03,    0.00000e+00,   -1.00000e-02,    0.00000e+00,   -1.00231e-02,    0.00000e+00,   -1.00231e-02,    0.00000e+00,    1.40061e+02,    0.00000e+00,    3.54578e+01,    0.00000e+00,    4.16793e+01,    0.00000e+00,    1.04765e+01,    0.00000e+00,    1.10474e+01,    0.00000e+00,              3,              0,       1 meters
  07/24/2018 12:54:57.550,   -1.00000e-02,    0.00000e+00,   -1.00000e-02,    0.00000e+00,   -1.00000e-02,    0.00000e+00,    2.29697e+03,    0.00000e+00,   -1.00000e-02,    0.00000e+00,   -1.00230e-02,    0.00000e+00,   -1.00230e-02,    0.00000e+00,    1.40061e+02,    0.00000e+00,    3.54583e+01,    0.00000e+00,    4.16779e+01,    0.00000e+00,    1.04743e+01,    0.00000e+00,    1.10793e+01,    0.00000e+00,              3,              0,       1 meters
  07/24/2018 12:54:58.543,   -1.00000e-02,    0.00000e+00,   -1.00000e-02,    0.00000e+00,   -1.00000e-02,    0.00000e+00,    2.21659e+03,    0.00000e+00,   -1.00000e-02,    0.00000e+00,   -1.00222e-02,    0.00000e+00,   -1.00222e-02,    0.00000e+00,    1.40005e+02,    0.00000e+00,    3.54596e+01,    0.00000e+00,    4.16806e+01,    0.00000e+00,    1.04559e+01,    0.00000e+00,    1.10785e+01,    0.00000e+00,              3,              0,       1 meters
  07/24/2018 12:54:59.539,   -1.00000e-02,    0.00000e+00,   -1.00000e-02,    0.00000e+00,   -1.00000e-02,    0.00000e+00,    2.15665e+03,    0.00000e+00,   -1.00000e-02,    0.00000e+00,   -1.00216e-02,    0.00000e+00,   -1.00216e-02,    0.00000e+00,    1.40060e+02,    0.00000e+00,    3.54597e+01,    0.00000e+00,    4.16743e+01,    0.00000e+00,    1.04679e+01,    0.00000e+00,    1.10541e+01,    0.00000e+00,              3,              0,       1 meters
  07/24/2018 12:55:00.535,   -1.00000e-02,    0.00000e+00,   -1.00000e-02,    0.00000e+00,   -1.00000e-02,    0.00000e+00,    2.09013e+03,    0.00000e+00,   -1.00000e-02,    0.00000e+00,   -1.00209e-02,    0.00000e+00,   -1.00209e-02,    0.00000e+00,    1.40056e+02,    0.00000e+00,    3.54605e+01,    0.00000e+00,    4.16722e+01,    0.00000e+00,    1.04495e+01,    0.00000e+00,    1.10865e+01,    0.00000e+00,              3,              0,       1 meters
  07/24/2018 12:55:01.530,   -1.00000e-02,    0.00000e+00,   -1.00000e-02,    0.00000e+00,   -1.00000e-02,    0.00000e+00,    2.03069e+03,    0.00000e+00,   -1.00000e-02,    0.00000e+00,   -1.00203e-02,    0.00000e+00,   -1.00203e-02,    0.00000e+00,    1.40001e+02,    0.00000e+00,    3.54617e+01,    0.00000e+00,    4.16729e+01,    0.00000e+00,    1.04379e+01,    0.00000e+00,    1.10558e+01,    0.00000e+00,              3,              0,       1 meters
  07/24/2018 12:55:02.525,   -1.00000e-02,    0.00000e+00,   -1.00000e-02,    0.00000e+00,   -1.00000e-02,    0.00000e+00,    2.14348e+03,    0.00000e+00,   -1.00000e-02,    0.00000e+00,   -1.00215e-02,    0.00000e+00,   -1.00215e-02,    0.00000e+00,    1.40054e+02,    0.00000e+00,    3.54618e+01,    0.00000e+00,    4.16617e+01,    0.00000e+00,    1.04566e+01,    0.00000e+00,    1.09864e+01,    0.00000e+00,              3,              0,       1 meters
  07/24/2018 12:55:03.521,   -1.00000e-02,    0.00000e+00,   -1.00000e-02,    0.00000e+00,   -1.00000e-02,    0.00000e+00,    2.00527e+03,    0.00000e+00,   -1.00000e-02,    0.00000e+00,   -1.00201e-02,    0.00000e+00,   -1.00201e-02,    0.00000e+00,    1.40059e+02,    0.00000e+00,    3.54622e+01,    0.00000e+00,    4.16570e+01,    0.00000e+00,    1.04270e+01,    0.00000e+00,    1.10684e+01,    0.00000e+00,              3,              0,       1 meters
  07/24/2018 12:55:04.516,   -1.00000e-02,    0.00000e+00,   -1.00000e-02,    0.00000e+00,   -1.00000e-02,    0.00000e+00,    1.99138e+03,    0.00000e+00,   -1.00000e-02,    0.00000e+00,   -1.00200e-02,    0.00000e+00,   -1.00200e-02,    0.00000e+00,    1.40007e+02,    0.00000e+00,    3.54631e+01,    0.00000e+00,    4.16625e+01,    0.00000e+00,    1.04392e+01,    0.00000e+00,    1.10144e+01,    0.00000e+00,              3,              0,       1 meters
  07/24/2018 12:55:05.511,   -1.00000e-02,    0.00000e+00,   -1.00000e-02,    0.00000e+00,   -1.00000e-02,    0.00000e+00,    2.06579e+03,    0.00000e+00,   -1.00000e-02,    0.00000e+00,   -1.00207e-02,    0.00000e+00,   -1.00207e-02,    0.00000e+00,    1.39990e+02,    0.00000e+00,    3.54638e+01,    0.00000e+00,    4.16638e+01,    0.00000e+00,    1.04504e+01,    0.00000e+00,    1.10073e+01,    0.00000e+00,              3,              0,       1 meters
  07/24/2018 12:55:06.506,   -1.00000e-02,    0.00000e+00,   -1.00000e-02,    0.00000e+00,   -1.00000e-02,    0.00000e+00,    1.85826e+03,    0.00000e+00,   -1.00000e-02,    0.00000e+00,   -1.00186e-02,    0.00000e+00,   -1.00186e-02,    0.00000e+00,    1.40062e+02,    0.00000e+00,    3.54640e+01,    0.00000e+00,    4.16598e+01,    0.00000e+00,    1.03948e+01,    0.00000e+00,    1.10619e+01,    0.00000e+00,              3,              0,       1 meters
  07/24/2018 12:55:07.502,   -1.00000e-02,    0.00000e+00,   -1.00000e-02,    0.00000e+00,   -1.00000e-02,    0.00000e+00,    2.03599e+03,    0.00000e+00,   -1.00000e-02,    0.00000e+00,   -1.00204e-02,    0.00000e+00,   -1.00204e-02,    0.00000e+00,    1.40013e+02,    0.00000e+00,    3.54648e+01,    0.00000e+00,    4.16532e+01,    0.00000e+00,    1.04563e+01,    0.00000e+00,    1.10000e+01,    0.00000e+00,              3,              0,       1 meters
  07/24/2018 12:55:08.497,   -1.00000e-02,    0.00000e+00,   -1.00000e-02,    0.00000e+00,   -1.00000e-02,    0.00000e+00,    2.03988e+03,    0.00000e+00,   -1.00000e-02,    0.00000e+00,   -1.00204e-02,    0.00000e+00,   -1.00204e-02,    0.00000e+00,    1.39986e+02,    0.00000e+00,    3.54655e+01,    0.00000e+00,    4.16461e+01,    0.00000e+00,    1.04533e+01,    0.00000e+00,    1.10373e+01,    0.00000e+00,              3,              0,       1 meters
  07/24/2018 12:55:09.493,   -1.00000e-02,    0.00000e+00,   -1.00000e-02,    0.00000e+00,   -1.00000e-02,    0.00000e+00,    2.04538e+03,    0.00000e+00,   -1.00000e-02,    0.00000e+00,   -1.00205e-02,    0.00000e+00,   -1.00205e-02,    0.00000e+00,    1.40045e+02,    0.00000e+00,    3.54657e+01,    0.00000e+00,    4.16422e+01,    0.00000e+00,    1.04084e+01,    0.00000e+00,    1.10679e+01,    0.00000e+00,              3,              0,       1 meters
  07/24/2018 12:55:10.488,   -1.00000e-02,    0.00000e+00,   -1.00000e-02,    0.00000e+00,   -1.00000e-02,    0.00000e+00,    2.00352e+03,    0.00000e+00,   -1.00000e-02,    0.00000e+00,   -1.00201e-02,    0.00000e+00,   -1.00201e-02,    0.00000e+00,    1.40023e+02,    0.00000e+00,    3.54663e+01,    0.00000e+00,    4.16447e+01,    0.00000e+00,    1.04385e+01,    0.00000e+00,    1.09861e+01,    0.00000e+00,              3,              0,       1 meters
  07/24/2018 12:55:11.483,   -1.00000e-02,    0.00000e+00,   -1.00000e-02,    0.00000e+00,   -1.00000e-02,    0.00000e+00,    2.11430e+03,    0.00000e+00,   -1.00000e-02,    0.00000e+00,   -1.00212e-02,    0.00000e+00,   -1.00212e-02,    0.00000e+00,    1.39987e+02,    0.00000e+00,    3.54670e+01,    0.00000e+00,    4.16408e+01,    0.00000e+00,    1.04525e+01,    0.00000e+00,    1.10376e+01,    0.00000e+00,              3,              0,       1 meters
  07/24/2018 12:55:12.479,   -1.00000e-02,    0.00000e+00,   -1.00000e-02,    0.00000e+00,   -1.00000e-02,    0.00000e+00,    2.08306e+03,    0.00000e+00,   -1.00000e-02,    0.00000e+00,   -1.00209e-02,    0.00000e+00,   -1.00209e-02,    0.00000e+00,    1.40019e+02,    0.00000e+00,    3.54676e+01,    0.00000e+00,    4.16386e+01,    0.00000e+00,    1.04209e+01,    0.00000e+00,    1.10635e+01,    0.00000e+00,              3,              0,       1 meters
  07/24/2018 12:55:13.474,   -1.00000e-02,    0.00000e+00,   -1.00000e-02,    0.00000e+00,   -1.00000e-02,    0.00000e+00,    2.02771e+03,    0.00000e+00,   -1.00000e-02,    0.00000e+00,   -1.00203e-02,    0.00000e+00,   -1.00203e-02,    0.00000e+00,    1.40052e+02,    0.00000e+00,    3.54676e+01,    0.00000e+00,    4.16353e+01,    0.00000e+00,    1.04363e+01,    0.00000e+00,    1.09868e+01,    0.00000e+00,              3,              0,       1 meters
  07/24/2018 12:55:14.469,   -1.00000e-02,    0.00000e+00,   -1.00000e-02,    0.00000e+00,   -1.00000e-02,    0.00000e+00,    2.07780e+03,    0.00000e+00,   -1.00000e-02,    0.00000e+00,   -1.00208e-02,    0.00000e+00,   -1.00208e-02,    0.00000e+00,    1.39990e+02,    0.00000e+00,    3.54687e+01,    0.00000e+00,    4.16408e+01,    0.00000e+00,    1.04506e+01,    0.00000e+00,    1.10663e+01,    0.00000e+00,              3,              0,       1 meters
  07/24/2018 12:55:15.464,   -1.00000e-02,    0.00000e+00,   -1.00000e-02,    0.00000e+00,   -1.00000e-02,    0.00000e+00,    2.01939e+03,    0.00000e+00,   -1.00000e-02,    0.00000e+00,   -1.00202e-02,    0.00000e+00,   -1.00202e-02,    0.00000e+00,    1.40009e+02,    0.00000e+00,    3.54689e+01,    0.00000e+00,    4.16338e+01,    0.00000e+00,    1.04201e+01,    0.00000e+00,    1.10552e+01,    0.00000e+00,              3,              0,       1 meters
  07/24/2018 12:55:16.464,   -1.00000e-02,    0.00000e+00,   -1.00000e-02,    0.00000e+00,   -1.00000e-02,    0.00000e+00,    2.16940e+03,    0.00000e+00,   -1.00000e-02,    0.00000e+00,   -1.00217e-02,    0.00000e+00,   -1.00217e-02,    0.00000e+00,    1.40060e+02,    0.00000e+00,    3.54692e+01,    0.00000e+00,    4.16299e+01,    0.00000e+00,    1.04511e+01,    0.00000e+00,    1.09716e+01,    0.00000e+00,              3,              0,       1 meters
  07/24/2018 12:55:17.462,   -1.00000e-02,    0.00000e+00,   -1.00000e-02,    0.00000e+00,   -1.00000e-02,    0.00000e+00,    2.01668e+03,    0.00000e+00,   -1.00000e-02,    0.00000e+00,   -1.00202e-02,    0.00000e+00,   -1.00202e-02,    0.00000e+00,    1.40050e+02,    0.00000e+00,    3.54700e+01,    0.00000e+00,    4.16297e+01,    0.00000e+00,    1.04390e+01,    0.00000e+00,    1.10719e+01,    0.00000e+00,              3,              0,       1 meters
  07/24/2018 12:55:18.457,   -1.00000e-02,    0.00000e+00,   -1.00000e-02,    0.00000e+00,   -1.00000e-02,    0.00000e+00,    1.94360e+03,    0.00000e+00,   -1.00000e-02,    0.00000e+00,   -1.00195e-02,    0.00000e+00,   -1.00195e-02,    0.00000e+00,    1.39997e+02,    0.00000e+00,    3.54708e+01,    0.00000e+00,    4.16365e+01,    0.00000e+00,    1.04041e+01,    0.00000e+00,    1.10909e+01,    0.00000e+00,              3,              0,       1 meters
  07/24/2018 12:55:19.452,   -1.00000e-02,    0.00000e+00,   -1.00000e-02,    0.00000e+00,   -1.00000e-02,    0.00000e+00,    1.97737e+03,    0.00000e+00,   -1.00000e-02,    0.00000e+00,   -1.00198e-02,    0.00000e+00,   -1.00198e-02,    0.00000e+00,    1.40050e+02,    0.00000e+00,    3.54711e+01,    0.00000e+00,    4.16320e+01,    0.00000e+00,    1.04168e+01,    0.00000e+00,    1.09810e+01,    0.00000e+00,              3,              0,       1 meters
  07/24/2018 12:55:20.448,   -1.00000e-02,    0.00000e+00,   -1.00000e-02,    0.00000e+00,   -1.00000e-02,    0.00000e+00,    1.78620e+03,    0.00000e+00,   -1.00000e-02,    0.00000e+00,   -1.00179e-02,    0.00000e+00,   -1.00179e-02,    0.00000e+00,    1.40055e+02,    0.00000e+00,    3.54717e+01,    0.00000e+00,    4.16313e+01,    0.00000e+00,    1.04012e+01,    0.00000e+00,    1.10871e+01,    0.00000e+00,              3,              0,       1 meters
  07/24/2018 12:55:21.443,   -1.00000e-02,    0.00000e+00,   -1.00000e-02,    0.00000e+00,   -1.00000e-02,    0.00000e+00,    1.83382e+03,    0.00000e+00,   -1.00000e-02,    0.00000e+00,   -1.00184e-02,    0.00000e+00,   -1.00184e-02,    0.00000e+00,    1.39994e+02,    0.00000e+00,    3.54724e+01,    0.00000e+00,    4.16328e+01,    0.00000e+00,    1.03738e+01,    0.00000e+00,    1.11033e+01,    0.00000e+00,              3,              0,       1 meters
  07/24/2018 12:55:22.438,   -1.00000e-02,    0.00000e+00,   -1.00000e-02,    0.00000e+00,   -1.00000e-02,    0.00000e+00,    1.84106e+03,    0.00000e+00,   -1.00000e-02,    0.00000e+00,   -1.00184e-02,    0.00000e+00,   -1.00184e-02,    0.00000e+00,    1.40033e+02,    0.00000e+00,    3.54727e+01,    0.00000e+00,    4.16251e+01,    0.00000e+00,    1.04133e+01,    0.00000e+00,    1.10858e+01,    0.00000e+00,              3,              0,       1 meters
  07/24/2018 12:55:23.434,   -1.00000e-02,    0.00000e+00,   -1.00000e-02,    0.00000e+00,   -1.00000e-02,    0.00000e+00,    1.58260e+03,    0.00000e+00,   -1.00000e-02,    0.00000e+00,   -1.00159e-02,    0.00000e+00,   -1.00159e-02,    0.00000e+00,    1.40061e+02,    0.00000e+00,    3.54733e+01,    0.00000e+00,    4.16162e+01,    0.00000e+00,    1.03847e+01,    0.00000e+00,    1.11253e+01,    0.00000e+00,              3,              0,       1 meters
  07/24/2018 12:55:24.429,   -1.00000e-02,    0.00000e+00,   -1.00000e-02,    0.00000e+00,   -1.00000e-02,    0.00000e+00,    1.57352e+03,    0.00000e+00,   -1.00000e-02,    0.00000e+00,   -1.00158e-02,    0.00000e+00,   -1.00158e-02,    0.00000e+00,    1.40028e+02,    0.00000e+00,    3.54740e+01,    0.00000e+00,    4.16071e+01,    0.00000e+00,    1.03765e+01,    0.00000e+00,    1.11334e+01,    0.00000e+00,              3,              0,       1 meters
  07/24/2018 12:55:25.424,   -1.00000e-02,    0.00000e+00,   -1.00000e-02,    0.00000e+00,   -1.00000e-02,    0.00000e+00,    1.59981e+03,    0.00000e+00,   -1.00000e-02,    0.00000e+00,   -1.00160e-02,    0.00000e+00,   -1.00160e-02,    0.00000e+00,    1.39999e+02,    0.00000e+00,    3.54748e+01,    0.00000e+00,    4.16052e+01,    0.00000e+00,    1.03892e+01,    0.00000e+00,    1.11456e+01,    0.00000e+00,              3,              0,       1 meters
  07/24/2018 12:55:26.419,   -1.00000e-02,    0.00000e+00,   -1.00000e-02,    0.00000e+00,   -1.00000e-02,    0.00000e+00,    1.34856e+03,    0.00000e+00,   -1.00000e-02,    0.00000e+00,   -1.00135e-02,    0.00000e+00,   -1.00135e-02,    0.00000e+00,    1.40055e+02,    0.00000e+00,    3.54751e+01,    0.00000e+00,    4.15964e+01,    0.00000e+00,    1.03438e+01,    0.00000e+00,    1.12173e+01,    0.00000e+00,              3,              0,       1 meters
  07/24/2018 12:55:27.415,   -1.00000e-02,    0.00000e+00,   -1.00000e-02,    0.00000e+00,   -1.00000e-02,    0.00000e+00,    1.26921e+03,    0.00000e+00,   -1.00000e-02,    0.00000e+00,   -1.00127e-02,    0.00000e+00,   -1.00127e-02,    0.00000e+00,    1.40044e+02,    0.00000e+00,    3.54758e+01,    0.00000e+00,    4.15970e+01,    0.00000e+00,    1.03476e+01,    0.00000e+00,    1.12091e+01,    0.00000e+00,              3,              0,       1 meters
  07/24/2018 12:55:28.411,   -1.00000e-02,    0.00000e+00,   -1.00000e-02,    0.00000e+00,   -1.00000e-02,    0.00000e+00,    1.42348e+03,    0.00000e+00,   -1.00000e-02,    0.00000e+00,   -1.00143e-02,    0.00000e+00,   -1.00143e-02,    0.00000e+00,    1.39996e+02,    0.00000e+00,    3.54771e+01,    0.00000e+00,    4.16012e+01,    0.00000e+00,    1.03567e+01,    0.00000e+00,    1.12057e+01,    0.00000e+00,              3,              0,       1 meters
  07/24/2018 12:55:29.405,   -1.00000e-02,    0.00000e+00,   -1.00000e-02,    0.00000e+00,   -1.00000e-02,    0.00000e+00,    1.29766e+03,    0.00000e+00,   -1.00000e-02,    0.00000e+00,   -1.00130e-02,    0.00000e+00,   -1.00130e-02,    0.00000e+00,    1.40012e+02,    0.00000e+00,    3.54776e+01,    0.00000e+00,    4.16037e+01,    0.00000e+00,    1.03234e+01,    0.00000e+00,    1.12055e+01,    0.00000e+00,              3,              0,       1 meters
  07/24/2018 12:55:30.401,   -1.00000e-02,    0.00000e+00,   -1.00000e-02,    0.00000e+00,   -1.00000e-02,    0.00000e+00,    1.19951e+03,    0.00000e+00,   -1.00000e-02,    0.00000e+00,   -1.00120e-02,    0.00000e+00,   -1.00120e-02,    0.00000e+00,    1.40057e+02,    0.00000e+00,    3.54779e+01,    0.00000e+00,    4.16012e+01,    0.00000e+00,    1.03094e+01,    0.00000e+00,    1.12280e+01,    0.00000e+00,              3,              0,       1 meters
  07/24/2018 12:55:31.396,   -1.00000e-02,    0.00000e+00,   -1.00000e-02,    0.00000e+00,   -1.00000e-02,    0.00000e+00,    1.27050e+03,    0.00000e+00,   -1.00000e-02,    0.00000e+00,   -1.00127e-02,    0.00000e+00,   -1.00127e-02,    0.00000e+00,    1.40018e+02,    0.00000e+00,    3.54788e+01,    0.00000e+00,    4.16044e+01,    0.00000e+00,    1.03638e+01,    0.00000e+00,    1.12076e+01,    0.00000e+00,              3,              0,       1 meters
  07/24/2018 12:55:32.392,   -1.00000e-02,    0.00000e+00,   -1.00000e-02,    0.00000e+00,   -1.00000e-02,    0.00000e+00,    1.22500e+03,    0.00000e+00,   -1.00000e-02,    0.00000e+00,   -1.00123e-02,    0.00000e+00,   -1.00123e-02,    0.00000e+00,    1.39982e+02,    0.00000e+00,    3.54796e+01,    0.00000e+00,    4.16028e+01,    0.00000e+00,    1.03395e+01,    0.00000e+00,    1.12169e+01,    0.00000e+00,              3,              0,       1 meters
  07/24/2018 12:55:33.387,   -1.00000e-02,    0.00000e+00,   -1.00000e-02,    0.00000e+00,   -1.00000e-02,    0.00000e+00,    1.31991e+03,    0.00000e+00,   -1.00000e-02,    0.00000e+00,   -1.00132e-02,    0.00000e+00,   -1.00132e-02,    0.00000e+00,    1.40055e+02,    0.00000e+00,    3.54800e+01,    0.00000e+00,    4.15927e+01,    0.00000e+00,    1.03371e+01,    0.00000e+00,    1.12104e+01,    0.00000e+00,              3,              0,       1 meters
  07/24/2018 12:55:34.383,   -1.00000e-02,    0.00000e+00,   -1.00000e-02,    0.00000e+00,   -1.00000e-02,    0.00000e+00,    1.24600e+03,    0.00000e+00,   -1.00000e-02,    0.00000e+00,   -1.00125e-02,    0.00000e+00,   -1.00125e-02,    0.00000e+00,    1.40039e+02,    0.00000e+00,    3.54806e+01,    0.00000e+00,    4.15871e+01,    0.00000e+00,    1.03276e+01,    0.00000e+00,    1.12554e+01,    0.00000e+00,              3,              0,       1 meters
  07/24/2018 12:55:35.378,   -1.00000e-02,    0.00000e+00,   -1.00000e-02,    0.00000e+00,   -1.00000e-02,    0.00000e+00,    1.15155e+03,    0.00000e+00,   -1.00000e-02,    0.00000e+00,   -1.00115e-02,    0.00000e+00,   -1.00115e-02,    0.00000e+00,    1.39994e+02,    0.00000e+00,    3.54815e+01,    0.00000e+00,    4.15879e+01,    0.00000e+00,    1.03240e+01,    0.00000e+00,    1.13240e+01,    0.00000e+00,              3,              0,       1 meters
  07/24/2018 12:55:36.372,   -1.00000e-02,    0.00000e+00,   -1.00000e-02,    0.00000e+00,   -1.00000e-02,    0.00000e+00,    1.36122e+03,    0.00000e+00,   -1.00000e-02,    0.00000e+00,   -1.00136e-02,    0.00000e+00,   -1.00136e-02,    0.00000e+00,    1.40005e+02,    0.00000e+00,    3.54818e+01,    0.00000e+00,    4.15838e+01,    0.00000e+00,    1.02830e+01,    0.00000e+00,    1.13482e+01,    0.00000e+00,              3,              0,       1 meters
  07/24/2018 12:55:37.368,   -1.00000e-02,    0.00000e+00,   -1.00000e-02,    0.00000e+00,   -1.00000e-02,    0.00000e+00,    1.04629e+03,    0.00000e+00,   -1.00000e-02,    0.00000e+00,   -1.00105e-02,    0.00000e+00,   -1.00105e-02,    0.00000e+00,    1.40054e+02,    0.00000e+00,    3.54820e+01,    0.00000e+00,    4.15772e+01,    0.00000e+00,    1.02988e+01,    0.00000e+00,    1.13427e+01,    0.00000e+00,              3,              0,       1 meters
  07/24/2018 12:55:38.363,   -1.00000e-02,    0.00000e+00,   -1.00000e-02,    0.00000e+00,   -1.00000e-02,    0.00000e+00,    1.19801e+03,    0.00000e+00,   -1.00000e-02,    0.00000e+00,   -1.00120e-02,    0.00000e+00,   -1.00120e-02,    0.00000e+00,    1.40018e+02,    0.00000e+00,    3.54825e+01,    0.00000e+00,    4.15769e+01,    0.00000e+00,    1.02450e+01,    0.00000e+00,    1.13932e+01,    0.00000e+00,              3,              0,       1 meters
  07/24/2018 12:55:39.358,   -1.00000e-02,    0.00000e+00,   -1.00000e-02,    0.00000e+00,   -1.00000e-02,    0.00000e+00,    1.26232e+03,    0.00000e+00,   -1.00000e-02,    0.00000e+00,   -1.00126e-02,    0.00000e+00,   -1.00126e-02,    0.00000e+00,    1.39982e+02,    0.00000e+00,    3.54832e+01,    0.00000e+00,    4.15803e+01,    0.00000e+00,    1.02439e+01,    0.00000e+00,    1.14072e+01,    0.00000e+00,              3,              0,       1 meters
  07/24/2018 12:55:40.353,   -1.00000e-02,    0.00000e+00,   -1.00000e-02,    0.00000e+00,   -1.00000e-02,    0.00000e+00,    1.12595e+03,    0.00000e+00,   -1.00000e-02,    0.00000e+00,   -1.00113e-02,    0.00000e+00,   -1.00113e-02,    0.00000e+00,    1.40010e+02,    0.00000e+00,    3.54834e+01,    0.00000e+00,    4.15833e+01,    0.00000e+00,    1.02876e+01,    0.00000e+00,    1.13902e+01,    0.00000e+00,              3,              0,       1 meters
  07/24/2018 12:55:41.349,   -1.00000e-02,    0.00000e+00,   -1.00000e-02,    0.00000e+00,   -1.00000e-02,    0.00000e+00,    8.53140e+02,    0.00000e+00,   -1.00000e-02,    0.00000e+00,   -1.00085e-02,    0.00000e+00,   -1.00085e-02,    0.00000e+00,    1.40043e+02,    0.00000e+00,    3.54835e+01,    0.00000e+00,    4.15810e+01,    0.00000e+00,    1.01814e+01,    0.00000e+00,    1.15493e+01,    0.00000e+00,              3,              0,       1 meters
  07/24/2018 12:55:42.344,   -1.00000e-02,    0.00000e+00,   -1.00000e-02,    0.00000e+00,   -1.00000e-02,    0.00000e+00,    1.11275e+03,    0.00000e+00,   -1.00000e-02,    0.00000e+00,   -1.00111e-02,    0.00000e+00,   -1.00111e-02,    0.00000e+00,    1.40014e+02,    0.00000e+00,    3.54841e+01,    0.00000e+00,    4.15796e+01,    0.00000e+00,    1.02868e+01,    0.00000e+00,    1.14612e+01,    0.00000e+00,              3,              0,       1 meters
  07/24/2018 12:55:43.339,   -1.00000e-02,    0.00000e+00,   -1.00000e-02,    0.00000e+00,   -1.00000e-02,    0.00000e+00,    1.12679e+03,    0.00000e+00,   -1.00000e-02,    0.00000e+00,   -1.00113e-02,    0.00000e+00,   -1.00113e-02,    0.00000e+00,    1.39979e+02,    0.00000e+00,    3.54845e+01,    0.00000e+00,    4.15782e+01,    0.00000e+00,    1.02480e+01,    0.00000e+00,    1.14618e+01,    0.00000e+00,              3,              0,       1 meters
  07/24/2018 12:55:44.334,   -1.00000e-02,    0.00000e+00,   -1.00000e-02,    0.00000e+00,   -1.00000e-02,    0.00000e+00,    1.22034e+03,    0.00000e+00,   -1.00000e-02,    0.00000e+00,   -1.00122e-02,    0.00000e+00,   -1.00122e-02,    0.00000e+00,    1.40004e+02,    0.00000e+00,    3.54846e+01,    0.00000e+00,    4.15722e+01,    0.00000e+00,    1.02203e+01,    0.00000e+00,    1.14866e+01,    0.00000e+00,              3,              0,       1 meters
  07/24/2018 12:55:45.331,   -1.00000e-02,    0.00000e+00,   -1.00000e-02,    0.00000e+00,   -1.00000e-02,    0.00000e+00,    1.10641e+03,    0.00000e+00,   -1.00000e-02,    0.00000e+00,   -1.00111e-02,    0.00000e+00,   -1.00111e-02,    0.00000e+00,    1.40049e+02,    0.00000e+00,    3.54852e+01,    0.00000e+00,    4.15675e+01,    0.00000e+00,    1.02679e+01,    0.00000e+00,    1.14749e+01,    0.00000e+00,              3,              0,       1 meters
  07/24/2018 12:55:46.326,   -1.00000e-02,    0.00000e+00,   -1.00000e-02,    0.00000e+00,   -1.00000e-02,    0.00000e+00,    1.05717e+03,    0.00000e+00,   -1.00000e-02,    0.00000e+00,   -1.00106e-02,    0.00000e+00,   -1.00106e-02,    0.00000e+00,    1.40011e+02,    0.00000e+00,    3.54858e+01,    0.00000e+00,    4.15715e+01,    0.00000e+00,    1.02082e+01,    0.00000e+00,    1.15157e+01,    0.00000e+00,              3,              0,       1 meters
  07/24/2018 12:55:47.320,   -1.00000e-02,    0.00000e+00,   -1.00000e-02,    0.00000e+00,   -1.00000e-02,    0.00000e+00,    1.15611e+03,    0.00000e+00,   -1.00000e-02,    0.00000e+00,   -1.00116e-02,    0.00000e+00,   -1.00116e-02,    0.00000e+00,    1.39980e+02,    0.00000e+00,    3.54863e+01,    0.00000e+00,    4.15743e+01,    0.00000e+00,    1.02491e+01,    0.00000e+00,    1.15057e+01,    0.00000e+00,              3,              0,       1 meters
  07/24/2018 12:55:48.315,   -1.00000e-02,    0.00000e+00,   -1.00000e-02,    0.00000e+00,   -1.00000e-02,    0.00000e+00,    1.15082e+03,    0.00000e+00,   -1.00000e-02,    0.00000e+00,   -1.00115e-02,    0.00000e+00,   -1.00115e-02,    0.00000e+00,    1.40028e+02,    0.00000e+00,    3.54867e+01,    0.00000e+00,    4.15730e+01,    0.00000e+00,    1.02351e+01,    0.00000e+00,    1.15027e+01,    0.00000e+00,              3,              0,       1 meters
  07/24/2018 12:55:49.312,   -1.00000e-02,    0.00000e+00,   -1.00000e-02,    0.00000e+00,   -1.00000e-02,    0.00000e+00,    7.33073e+02,    0.00000e+00,   -1.00000e-02,    0.00000e+00,   -1.00073e-02,    0.00000e+00,   -1.00073e-02,    0.00000e+00,    1.40047e+02,    0.00000e+00,    3.54870e+01,    0.00000e+00,    4.15736e+01,    0.00000e+00,    1.02100e+01,    0.00000e+00,    1.15496e+01,    0.00000e+00,              3,              0,       1 meters
  07/24/2018 12:55:50.306,   -1.00000e-02,    0.00000e+00,   -1.00000e-02,    0.00000e+00,   -1.00000e-02,    0.00000e+00,    9.97765e+02,    0.00000e+00,   -1.00000e-02,    0.00000e+00,   -1.00100e-02,    0.00000e+00,   -1.00100e-02,    0.00000e+00,    1.40015e+02,    0.00000e+00,    3.54877e+01,    0.00000e+00,    4.15745e+01,    0.00000e+00,    1.02414e+01,    0.00000e+00,    1.15131e+01,    0.00000e+00,              3,              0,       1 meters
  07/24/2018 12:55:51.302,   -1.00000e-02,    0.00000e+00,   -1.00000e-02,    0.00000e+00,   -1.00000e-02,    0.00000e+00,    1.08104e+03,    0.00000e+00,   -1.00000e-02,    0.00000e+00,   -1.00108e-02,    0.00000e+00,   -1.00108e-02,    0.00000e+00,    1.39981e+02,    0.00000e+00,    3.54885e+01,    0.00000e+00,    4.15724e+01,    0.00000e+00,    1.02665e+01,    0.00000e+00,    1.14539e+01,    0.00000e+00,              3,              0,       1 meters
  07/24/2018 12:55:52.296,   -1.00000e-02,    0.00000e+00,   -1.00000e-02,    0.00000e+00,   -1.00000e-02,    0.00000e+00,    8.78598e+02,    0.00000e+00,   -1.00000e-02,    0.00000e+00,   -1.00088e-02,    0.00000e+00,   -1.00088e-02,    0.00000e+00,    1.40029e+02,    0.00000e+00,    3.54887e+01,    0.00000e+00,    4.15671e+01,    0.00000e+00,    1.02206e+01,    0.00000e+00,    1.15253e+01,    0.00000e+00,              3,              0,       1 meters
  07/24/2018 12:55:53.290,   -1.00000e-02,    0.00000e+00,   -1.00000e-02,    0.00000e+00,   -1.00000e-02,    0.00000e+00,    8.02933e+02,    0.00000e+00,   -1.00000e-02,    0.00000e+00,   -1.00080e-02,    0.00000e+00,   -1.00080e-02,    0.00000e+00,    1.40046e+02,    0.00000e+00,    3.54894e+01,    0.00000e+00,    4.15630e+01,    0.00000e+00,    1.02149e+01,    0.00000e+00,    1.15467e+01,    0.00000e+00,              3,              0,       1 meters
  07/24/2018 12:55:54.286,   -1.00000e-02,    0.00000e+00,   -1.00000e-02,    0.00000e+00,   -1.00000e-02,    0.00000e+00,    7.64917e+02,    0.00000e+00,   -1.00000e-02,    0.00000e+00,   -1.00077e-02,    0.00000e+00,   -1.00077e-02,    0.00000e+00,    1.40016e+02,    0.00000e+00,    3.54904e+01,    0.00000e+00,    4.15623e+01,    0.00000e+00,    1.02648e+01,    0.00000e+00,    1.15404e+01,    0.00000e+00,              3,              0,       1 meters
  07/24/2018 12:55:55.281,   -1.00000e-02,    0.00000e+00,   -1.00000e-02,    0.00000e+00,   -1.00000e-02,    0.00000e+00,    1.04667e+03,    0.00000e+00,   -1.00000e-02,    0.00000e+00,   -1.00105e-02,    0.00000e+00,   -1.00105e-02,    0.00000e+00,    1.39973e+02,    0.00000e+00,    3.54909e+01,    0.00000e+00,    4.15626e+01,    0.00000e+00,    1.02146e+01,    0.00000e+00,    1.15322e+01,    0.00000e+00,              3,              0,       1 meters
  07/24/2018 12:55:56.277,   -1.00000e-02,    0.00000e+00,   -1.00000e-02,    0.00000e+00,   -1.00000e-02,    0.00000e+00,    5.21897e+02,    0.00000e+00,   -1.00000e-02,    0.00000e+00,   -1.00052e-02,    0.00000e+00,   -1.00052e-02,    0.00000e+00,    1.40021e+02,    0.00000e+00,    3.54912e+01,    0.00000e+00,    4.15520e+01,    0.00000e+00,    1.02235e+01,    0.00000e+00,    1.15614e+01,    0.00000e+00,              3,              0,       1 meters
  07/24/2018 12:55:57.273,   -1.00000e-02,    0.00000e+00,   -1.00000e-02,    0.00000e+00,   -1.00000e-02,    0.00000e+00,    7.00873e+02,    0.00000e+00,   -1.00000e-02,    0.00000e+00,   -1.00070e-02,    0.00000e+00,   -1.00070e-02,    0.00000e+00,    1.40041e+02,    0.00000e+00,    3.54918e+01,    0.00000e+00,    4.15453e+01,    0.00000e+00,    1.02456e+01,    0.00000e+00,    1.15766e+01,    0.00000e+00,              3,              0,       1 meters
  07/24/2018 12:55:58.269,   -1.00000e-02,    0.00000e+00,   -1.00000e-02,    0.00000e+00,   -1.00000e-02,    0.00000e+00,    6.46646e+02,    0.00000e+00,   -1.00000e-02,    0.00000e+00,   -1.00065e-02,    0.00000e+00,   -1.00065e-02,    0.00000e+00,    1.40025e+02,    0.00000e+00,    3.54926e+01,    0.00000e+00,    4.15421e+01,    0.00000e+00,    1.02090e+01,    0.00000e+00,    1.15859e+01,    0.00000e+00,              3,              0,       1 meters
  07/24/2018 12:55:59.264,   -1.00000e-02,    0.00000e+00,   -1.00000e-02,    0.00000e+00,   -1.00000e-02,    0.00000e+00,    5.49714e+02,    0.00000e+00,   -1.00000e-02,    0.00000e+00,   -1.00055e-02,    0.00000e+00,   -1.00055e-02,    0.00000e+00,    1.39969e+02,    0.00000e+00,    3.54936e+01,    0.00000e+00,    4.15416e+01,    0.00000e+00,    1.02713e+01,    0.00000e+00,    1.15899e+01,    0.00000e+00,              3,              0,       1 meters
  07/24/2018 12:56:00.259,   -1.00000e-02,    0.00000e+00,   -1.00000e-02,    0.00000e+00,   -1.00000e-02,    0.00000e+00,    5.18399e+02,    0.00000e+00,   -1.00000e-02,    0.00000e+00,   -1.00052e-02,    0.00000e+00,   -1.00052e-02,    0.00000e+00,    1.40008e+02,    0.00000e+00,    3.54940e+01,    0.00000e+00,    4.15358e+01,    0.00000e+00,    1.02401e+01,    0.00000e+00,    1.16092e+01,    0.00000e+00,              3,              0,       1 meters
  07/24/2018 12:56:01.253,   -1.00000e-02,    0.00000e+00,   -1.00000e-02,    0.00000e+00,   -1.00000e-02,    0.00000e+00,    4.92769e+02,    0.00000e+00,   -1.00000e-02,    0.00000e+00,   -1.00049e-02,    0.00000e+00,   -1.00049e-02,    0.00000e+00,    1.40036e+02,    0.00000e+00,    3.54945e+01,    0.00000e+00,    4.15333e+01,    0.00000e+00,    1.02914e+01,    0.00000e+00,    1.16506e+01,    0.00000e+00,              3,              0,       1 meters
  07/24/2018 12:56:02.249,   -1.00000e-02,    0.00000e+00,   -1.00000e-02,    0.00000e+00,   -1.00000e-02,    0.00000e+00,    8.72956e+02,    0.00000e+00,   -1.00000e-02,    0.00000e+00,   -1.00087e-02,    0.00000e+00,   -1.00087e-02,    0.00000e+00,    1.40031e+02,    0.00000e+00,    3.54955e+01,    0.00000e+00,    4.15304e+01,    0.00000e+00,    1.02703e+01,    0.00000e+00,    1.16116e+01,    0.00000e+00,              3,              0,       1 meters
  07/24/2018 12:56:03.244,   -1.00000e-02,    0.00000e+00,   -1.00000e-02,    0.00000e+00,   -1.00000e-02,    0.00000e+00,    2.61375e+02,    0.00000e+00,   -1.00000e-02,    0.00000e+00,   -1.00026e-02,    0.00000e+00,   -1.00026e-02,    0.00000e+00,    1.39965e+02,    0.00000e+00,    3.54960e+01,    0.00000e+00,    4.15320e+01,    0.00000e+00,    1.02678e+01,    0.00000e+00,    1.16194e+01,    0.00000e+00,              3,              0,       1 meters
  07/24/2018 12:56:04.239,   -1.00000e-02,    0.00000e+00,   -1.00000e-02,    0.00000e+00,   -1.00000e-02,    0.00000e+00,    4.71144e+02,    0.00000e+00,   -1.00000e-02,    0.00000e+00,   -1.00047e-02,    0.00000e+00,   -1.00047e-02,    0.00000e+00,    1.39986e+02,    0.00000e+00,    3.54966e+01,    0.00000e+00,    4.15333e+01,    0.00000e+00,    1.02651e+01,    0.00000e+00,    1.16398e+01,    0.00000e+00,              3,              0,       1 meters
  07/24/2018 12:56:05.235,   -1.00000e-02,    0.00000e+00,   -1.00000e-02,    0.00000e+00,    1.18690e+01,    0.00000e+00,    7.27475e+02,    0.00000e+00,   -1.00000e-02,    0.00000e+00,   -1.00073e-02,    0.00000e+00,   -1.00073e-02,    0.00000e+00,    1.40025e+02,    0.00000e+00,    3.54972e+01,    0.00000e+00,    4.15319e+01,    0.00000e+00,    1.03158e+01,    0.00000e+00,    1.16317e+01,    0.00000e+00,              3,              0,       1 meters
  07/24/2018 12:56:06.230,   -1.00000e-02,    0.00000e+00,   -1.00000e-02,    0.00000e+00,   -1.00000e-02,    0.00000e+00,    7.24307e+02,    0.00000e+00,   -1.00000e-02,    0.00000e+00,   -1.00072e-02,    0.00000e+00,   -1.00072e-02,    0.00000e+00,    1.40039e+02,    0.00000e+00,    3.54976e+01,    0.00000e+00,    4.15256e+01,    0.00000e+00,    1.02423e+01,    0.00000e+00,    1.16331e+01,    0.00000e+00,              3,              0,       1 meters
  07/24/2018 12:56:07.226,   -1.00000e-02,    0.00000e+00,   -1.00000e-02,    0.00000e+00,    1.34731e+01,    0.00000e+00,    7.05972e+02,    0.00000e+00,   -1.00000e-02,    0.00000e+00,   -1.00071e-02,    0.00000e+00,   -1.00071e-02,    0.00000e+00,    1.39965e+02,    0.00000e+00,    3.54984e+01,    0.00000e+00,    4.15274e+01,    0.00000e+00,    1.03139e+01,    0.00000e+00,    1.16511e+01,    0.00000e+00,              3,              0,       1 meters
  07/24/2018 12:56:08.221,   -1.00000e-02,    0.00000e+00,   -1.00000e-02,    0.00000e+00,    2.19735e+01,    0.00000e+00,    1.04148e+03,    0.00000e+00,   -1.00000e-02,    0.00000e+00,   -1.00104e-02,    0.00000e+00,   -1.00104e-02,    0.00000e+00,    1.39965e+02,    0.00000e+00,    3.54990e+01,    0.00000e+00,    4.15251e+01,    0.00000e+00,    1.03489e+01,    0.00000e+00,    1.16639e+01,    0.00000e+00,              3,              0,       1 meters
  07/24/2018 12:56:09.216,   -1.00000e-02,    0.00000e+00,   -1.00000e-02,    0.00000e+00,    2.21346e+01,    0.00000e+00,    5.97158e+02,    0.00000e+00,   -1.00000e-02,    0.00000e+00,   -1.00060e-02,    0.00000e+00,   -1.00060e-02,    0.00000e+00,    1.39994e+02,    0.00000e+00,    3.54995e+01,    0.00000e+00,    4.15176e+01,    0.00000e+00,    1.03441e+01,    0.00000e+00,    1.16587e+01,    0.00000e+00,              3,              0,       1 meters
